covid-19,"[0.6702262101064352, 0.8473885223562215]",37,105
covid-19,"[0.5681284659467375, 0.4950365881367018]",38,106
covid-19,"[0.7170132254540442, 0.6338417924760296]",39,107
covid-19,"[0.6972900398805368, 0.4829307737326133]",40,108
covid-19,"[0.7052250583894579, 0.5225165755168494]",41,109
covid-19,"[0.6245942628719052, 0.5020760184642192]",42,110
covid-19,"[0.6332780033347358, 0.5382312894711971]",43,111
covid-19,"[0.6311212457743267, 0.44404370471670723]",44,112
covid-19,"[0.640830014253283, 0.44264954293833086]",45,113
covid-19,"[0.5873726583282333, 0.44310801939551625]",46,114
covid-19,"[0.5696283175198217, 0.46326154138980286]",47,115
covid-19,"[0.5529239791859615, 0.46254997630211053]",48,116
covid-19,"[0.5811403108718343, 0.4849719415302266]",49,117
covid-19,"[0.5720942307760185, 0.4389006950900833]",50,118
covid-19,"[0.5559778735884239, 0.44633845759997387]",51,119
covid-19,"[0.5412706477411922, 0.44393517442670977]",52,120
covid-19,"[0.544359343394322, 0.464060723202509]",53,121
hillary clinton,"[0.5547816898908066, 0.2843297958703024]",0,68
hillary clinton,"[0.5538564990222916, 0.3110358156166147]",1,69
hillary clinton,"[0.5446643235110529, 0.31736616228974623]",2,70
hillary clinton,"[0.5475512469199512, 0.3205309562009752]",3,71
hillary clinton,"[0.5494035953141512, 0.3221320045785256]",4,72
hillary clinton,"[0.549362439566424, 0.3224291939132274]",5,73
hillary clinton,"[0.5493624395664242, 0.3224291939132274]",6,74
hillary clinton,"[0.5503021068744999, 0.3239443712495581]",7,75
hillary clinton,"[0.5554079967923361, 0.3288796265307587]",8,76
hillary clinton,"[0.5575098050939443, 0.3310812585864437]",9,77
hillary clinton,"[0.5628722670593687, 0.33619583102702416]",10,78
hillary clinton,"[0.5762445156414028, 0.346734166355886]",11,79
hillary clinton,"[0.5845629126387073, 0.35396754590713925]",12,80
hillary clinton,"[0.6292600883165496, 0.38607714322691367]",13,81
hillary clinton,"[0.6621189267055269, 0.41038326288040555]",14,82
hillary clinton,"[0.7070368842631346, 0.3130187606969553]",15,83
hillary clinton,"[0.6181945381783587, 0.21805748248149692]",16,84
hillary clinton,"[0.5804777047904346, 0.2701400825230017]",17,85
hillary clinton,"[0.6833706423799871, 0.3252389165420409]",18,86
hillary clinton,"[0.7275477669601508, 0.1047601238272645]",19,87
hillary clinton,"[0.5685352436149614, -0.027066598098038335]",77,145
hillary clinton,"[0.5685352436149614, -0.02706659809803833]",78,146
hillary clinton,"[0.5685352436149614, -0.027066598098038335]",79,147
hillary clinton,"[0.5685352436149614, -0.027066598098038335]",80,148
hillary clinton,"[0.7017294652672368, -0.021926450482675733]",81,149
hillary clinton,"[0.7017294652672368, -0.021926450482675726]",82,150
hillary clinton,"[0.701729465267237, -0.02192645048267573]",83,151
hillary clinton,"[1.0, -0.015384615384615389]",84,152
hillary clinton,"[1.0, -0.015384615384615389]",85,153
hillary clinton,"[1.0, -0.015384615384615389]",86,154
hillary clinton,"[1.0, -0.015384615384615389]",87,155
hillary clinton,"[1.0, -0.015384615384615389]",88,156
hillary clinton,"[1.0, -0.015384615384615392]",89,157
hillary clinton,"[1.0, -0.015384615384615392]",90,158
hillary clinton,"[1.0, -0.015384615384615392]",91,159
hillary clinton,"[1.0, -0.015384615384615392]",92,160
hillary clinton,"[1.0, -0.015384615384615392]",93,161
hillary clinton,"[0.7017294652672372, -0.015384615384615392]",94,162
hillary clinton,"[0.701729465267237, -0.021926450482675736]",95,163
hillary clinton,"[0.701729465267237, -0.021926450482675733]",96,164
hillary clinton,"[0.701729465267237, -0.02192645048267574]",97,165
hillary clinton,"[0.5685352436149612, -0.021926450482675733]",98,166
hillary clinton,"[0.5685352436149614, -0.027066598098038346]",99,167
north korea,"[0.5076620752574296, -0.07272006117795882]",59,127
north korea,"[0.5076620752574295, -0.09053574604251852]",66,134
north korea,"[0.5076620752574295, -0.09053574604251852]",70,138
north korea,"[0.5076620752574295, -0.09053574604251852]",71,139
north korea,"[0.5076620752574295, -0.09053574604251852]",72,140
north korea,"[0.5076620752574295, -0.08196721311475409]",73,141
north korea,"[0.5076620752574296, -0.08032193289024989]",87,155
north korea,"[0.5076620752574295, -0.09053574604251854]",88,156
inflation,"[0.5488382058185889, -0.0482242822170412]",42,110
inflation,"[0.5488382058185888, -0.03383639475502509]",43,111
inflation,"[0.8035809357043301, -0.033836394755025076]",44,112
inflation,"[0.8329019011487824, -0.030525803262623157]",45,113
inflation,"[0.8661279101946674, -0.02706659809803835]",46,114
inflation,"[0.8329019011487826, -0.027066598098038356]",47,115
inflation,"[0.8329019011487825, -0.030525803262623153]",48,116
inflation,"[0.8329019011487825, -0.030525803262623153]",49,117
inflation,"[0.8661279101946672, -0.027066598098038356]",50,118
inflation,"[0.8661279101946671, -0.02706659809803836]",51,119
inflation,"[0.8661279101946673, -0.027066598098038356]",52,120
inflation,"[0.8661279101946673, -0.027066598098038356]",53,121
inflation,"[0.8661279101946673, -0.02706659809803836]",54,122
inflation,"[0.5981491886837901, -0.027066598098038346]",55,123
taliban,"[0.6874712238838077, 0.6443059680625617]",69,137
taliban,"[0.5735433259658838, 0.1520578499113422]",70,138
taliban,"[0.5735433259658838, 0.11731169016601466]",71,139
taliban,"[0.5812823706765006, 0.12219276506307149]",72,140
taliban,"[0.5893563316918964, 0.1221927650630715]",73,141
taliban,"[0.5311963286581454, 0.10121191305008381]",74,142
taliban,"[0.5311963286581454, 0.10121191305008378]",75,143
taliban,"[0.5311963286581454, 0.10121191305008381]",76,144
taliban,"[0.5311963286581454, 0.10391104394554652]",77,145
taliban,"[0.5311963286581454, 0.1012119130500838]",78,146
taliban,"[0.5311963286581454, 0.10121191305008378]",79,147
taliban,"[0.5311963286581455, 0.10121191305008381]",80,148
taliban,"[0.5311963286581454, 0.10121191305008378]",81,149
taliban,"[0.5311963286581454, 0.1012119130500838]",82,150
taliban,"[0.5342655853419765, 0.10391104394554651]",83,151
taliban,"[0.5342655853419765, 0.10391104394554651]",84,152
taliban,"[0.5342655853419765, 0.10391104394554651]",85,153
taliban,"[0.5311963286581454, 0.10391104394554651]",86,154
taliban,"[0.5311963286581454, 0.10121191305008376]",87,155
taliban,"[0.5311963286581454, 0.10121191305008378]",88,156
taliban,"[0.5311963286581453, 0.10121191305008378]",89,157
taliban,"[0.5311963286581454, 0.10121191305008378]",90,158
taliban,"[0.5311963286581454, 0.10121191305008378]",91,159
taliban,"[0.5311963286581454, 0.10121191305008378]",92,160
taliban,"[0.5311963286581454, 0.1012119130500838]",93,161
taliban,"[0.5311963286581454, 0.1012119130500838]",94,162
taliban,"[0.5281788220933316, 0.1012119130500838]",95,163
taliban,"[0.5252120275750549, 0.09852644213846677]",96,164
taliban,"[0.5252120275750549, 0.09585386538442701]",97,165
taliban,"[0.5222949515980294, 0.09585386538442701]",98,166
taliban,"[0.5222949515980293, 0.09319343075335303]",99,167
taliban,"[0.5222949515980293, 0.09319343075335303]",100,168
twitter,"[0.12380061192068613, 0.509268535047546]",76,144
twitter,"[0.12380061192068613, 0.509268535047546]",77,145
twitter,"[0.12380061192068613, 0.5092685350475461]",78,146
twitter,"[0.12380061192068613, 0.5092685350475459]",79,147
twitter,"[0.12380061192068613, 0.509268535047546]",80,148
twitter,"[0.13274394037742943, 0.5277130021690083]",81,149
twitter,"[0.1327439403774294, 0.5277130021690082]",82,150
twitter,"[0.1327439403774294, 0.5277130021690082]",83,151
twitter,"[0.1327439403774294, 0.5277130021690083]",84,152
twitter,"[0.13274394037742943, 0.5277130021690083]",85,153
twitter,"[0.12380061192068616, 0.5277130021690082]",86,154
twitter,"[0.11545860699241117, 0.5092685350475461]",87,155
andrew cuomo,"[0.04275099202884768, 0.6516515171029962]",69,137
andrew cuomo,"[0.04275099202884768, 0.6503716828263993]",70,138
andrew cuomo,"[0.04275099202884768, 0.6503716828263991]",71,139
andrew cuomo,"[0.04275099202884769, 0.6503716828263991]",72,140
andrew cuomo,"[0.04275099202884768, 0.6503716828263991]",73,141
andrew cuomo,"[0.04275099202884768, 0.6503716828263992]",74,142
andrew cuomo,"[0.04275099202884769, 0.6503716828263991]",75,143
andrew cuomo,"[0.04275099202884768, 0.6503716828263991]",76,144
andrew cuomo,"[0.042750992028847676, 0.6503716828263991]",77,145
andrew cuomo,"[0.04275099202884767, 0.6503716828263992]",78,146
andrew cuomo,"[0.04275099202884768, 0.6503716828263993]",79,147
andrew cuomo,"[0.04275099202884769, 0.6503716828263993]",80,148
andrew cuomo,"[0.04275099202884769, 0.6503716828263993]",81,149
andrew cuomo,"[0.04275099202884768, 0.6503716828263993]",82,150
andrew cuomo,"[0.04275099202884769, 0.6503716828263991]",83,151
andrew cuomo,"[0.04275099202884768, 0.6503716828263995]",84,152
andrew cuomo,"[0.04275099202884768, 0.6503716828263995]",85,153
andrew cuomo,"[0.042750992028847676, 0.6503716828263995]",86,154
andrew cuomo,"[0.04275099202884768, 0.6503716828263995]",87,155
andrew cuomo,"[0.04275099202884769, 0.6503716828263995]",88,156
andrew cuomo,"[0.04275099202884769, 0.6503716828263995]",89,157
andrew cuomo,"[0.04275099202884768, 0.6503716828263996]",90,158
andrew cuomo,"[0.04275099202884769, 0.6503716828263993]",91,159
andrew cuomo,"[0.04275099202884768, 0.6503716828263993]",92,160
andrew cuomo,"[0.04275099202884768, 0.6503716828263993]",93,161
andrew cuomo,"[0.042750992028847676, 0.6503716828263995]",94,162
andrew cuomo,"[0.04275099202884768, 0.6503716828263995]",95,163
andrew cuomo,"[0.04275099202884768, 0.6503716828263995]",96,164
andrew cuomo,"[0.04275099202884769, 0.6503716828263995]",97,165
andrew cuomo,"[0.04275099202884768, 0.6503716828263996]",98,166
andrew cuomo,"[0.04275099202884769, 0.6503716828263993]",99,167
andrew cuomo,"[0.04275099202884768, 0.6503716828263995]",100,168
virus,"[0.942836512307775, nan]",37,105
virus,"[0.9428365123077749, -0.02192645048267573]",38,106
virus,"[0.942836512307775, -0.021926450482675736]",39,107
virus,"[0.9428365123077749, -0.021926450482675733]",40,108
virus,"[0.9428365123077748, -0.021926450482675733]",41,109
virus,"[0.9428365123077748, -0.021926450482675733]",42,110
virus,"[0.7669303546680986, -0.02441340114232733]",43,111
virus,"[0.7812776523801992, -0.02441340114232732]",44,112
virus,"[0.7669303546680986, -0.02706659809803834]",45,113
virus,"[0.7669303546680986, -0.02706659809803834]",46,114
virus,"[0.715281068013762, -0.03109715368056966]",47,115
virus,"[0.7152810680137621, -0.031097153680569662]",48,116
virus,"[0.7046168096808707, -0.033551506146937055]",49,117
virus,"[0.7046168096808707, -0.033551506146937055]",50,118
virus,"[0.6946089002829141, -0.035974660624781336]",51,119
virus,"[0.6946089002829141, -0.035974660624781336]",52,120
virus,"[0.6852063613920961, -0.038371288344682536]",53,121
harvey weinstein,"[0.42844807566910614, 0.6418160779750657]",0,68
harvey weinstein,"[0.4284480756691062, 0.6418160779750657]",1,69
harvey weinstein,"[0.4284480756691062, 0.6418160779750655]",2,70
harvey weinstein,"[0.42844807566910614, 0.6418160779750655]",3,71
harvey weinstein,"[0.4284480756691061, 0.6418160779750657]",4,72
harvey weinstein,"[0.42844807566910614, 0.6418160779750657]",5,73
harvey weinstein,"[0.42844807566910614, 0.6418160779750655]",6,74
harvey weinstein,"[0.42844807566910614, 0.6418160779750655]",7,75
harvey weinstein,"[0.4284480756691061, 0.6418160779750657]",8,76
harvey weinstein,"[0.42844807566910614, 0.6418160779750657]",9,77
harvey weinstein,"[0.42844807566910614, 0.6418160779750655]",10,78
harvey weinstein,"[0.42844807566910614, 0.6418160779750655]",11,79
harvey weinstein,"[0.42844807566910614, 0.6418160779750655]",12,80
harvey weinstein,"[0.42844807566910614, 0.6418160779750656]",13,81
harvey weinstein,"[0.42844807566910614, 0.6418160779750656]",14,82
harvey weinstein,"[0.42844807566910614, 0.6418160779750656]",15,83
harvey weinstein,"[0.42844807566910614, 0.6418160779750656]",16,84
harvey weinstein,"[0.42844807566910614, 0.6418160779750656]",17,85
harvey weinstein,"[0.42844807566910614, 0.6418160779750656]",18,86
harvey weinstein,"[0.42844807566910614, 0.6418160779750656]",19,87
harvey weinstein,"[0.4284480756691062, 0.6418160779750656]",20,88
harvey weinstein,"[0.4284480756691062, 0.6418160779750656]",21,89
harvey weinstein,"[0.4284480756691062, 0.6418160779750656]",22,90
harvey weinstein,"[0.42844807566910614, 0.6418160779750656]",23,91
harvey weinstein,"[0.4284480756691062, 0.6418160779750657]",24,92
harvey weinstein,"[0.4284480756691062, 0.6418160779750655]",25,93
harvey weinstein,"[0.4284480756691062, 0.6418160779750657]",26,94
harvey weinstein,"[0.42844807566910614, 0.6418160779750657]",27,95
harvey weinstein,"[0.42844807566910614, 0.6418160779750657]",28,96
harvey weinstein,"[0.42844807566910614, 0.6418160779750655]",29,97
harvey weinstein,"[0.42844807566910614, 0.6418160779750657]",30,98
harvey weinstein,"[0.4284480756691061, 0.6418160779750655]",31,99
harvey weinstein,"[0.4284480756691061, 0.6418160779750657]",32,100
harvey weinstein,"[0.42844807566910614, 0.6418160779750655]",33,101
harvey weinstein,"[0.4284480756691061, 0.6418160779750657]",34,102
harvey weinstein,"[0.4284480756691061, 0.6418160779750657]",35,103
harvey weinstein,"[0.4284480756691061, 0.6418160779750657]",36,104
harvey weinstein,"[0.42844807566910614, 0.6418160779750655]",37,105
harvey weinstein,"[0.4284480756691062, 0.6418160779750655]",38,106
harvey weinstein,"[0.4284480756691061, 0.6788618616058179]",39,107
harvey weinstein,"[0.45712408575274294, 0.6788618616058179]",40,108
harvey weinstein,"[0.4284480756691061, 0.6418160779750655]",41,109
harvey weinstein,"[0.4284480756691062, 0.6418160779750655]",42,110
harvey weinstein,"[0.617113679857193, 0.12513974291675165]",43,111
xi jinping,"[-0.0379777262656375, 0.5683985600588052]",39,107
xi jinping,"[-0.026650089544451333, 0.5683985600588053]",40,108
elon musk,"[0.5685352436149611, -0.027066598098038342]",0,68
elon musk,"[0.5685352436149612, -0.02706659809803834]",1,69
elon musk,"[0.5685352436149612, -0.02706659809803833]",2,70
elon musk,"[0.5685352436149611, -0.02706659809803833]",3,71
elon musk,"[0.5685352436149611, -0.02706659809803834]",4,72
elon musk,"[0.5685352436149612, -0.027066598098038335]",5,73
elon musk,"[0.5685352436149612, -0.02706659809803834]",6,74
elon musk,"[0.5685352436149612, -0.02706659809803834]",7,75
elon musk,"[0.5685352436149612, -0.02706659809803834]",8,76
elon musk,"[0.5685352436149612, -0.02706659809803833]",9,77
elon musk,"[0.7413189908223355, 0.32553460992352945]",98,166
elon musk,"[0.7413189908223357, 0.21518214065887664]",99,167
elon musk,"[0.7297738544926932, 0.2151821406588766]",100,168
weather,"[-0.03660759430848455, 0.6641330354523188]",0,68
weather,"[-0.03660759430848455, 0.6641330354523188]",1,69
weather,"[-0.03660759430848455, 0.6641330354523188]",2,70
weather,"[-0.036607594308484544, 0.6641330354523189]",3,71
weather,"[-0.036607594308484544, 0.6641330354523189]",4,72
weather,"[-0.03941458843319163, 0.5473157220055895]",5,73
weather,"[-0.03941458843319163, 0.5473157220055895]",6,74
weather,"[-0.03941458843319163, 0.5473157220055895]",7,75
weather,"[-0.03941458843319163, 0.5473157220055895]",8,76
weather,"[-0.04252124998936569, 0.52715647649392]",9,77
weather,"[-0.04252124998936569, 0.52715647649392]",10,78
weather,"[-0.04252124998936572, 0.52715647649392]",11,79
weather,"[-0.0425212499893657, 0.5271564764939198]",12,80
weather,"[-0.0425212499893657, 0.52715647649392]",13,81
weather,"[-0.0425212499893657, 0.52715647649392]",14,82
weather,"[-0.042521249989365704, 0.52715647649392]",15,83
weather,"[-0.0425212499893657, 0.52715647649392]",16,84
weather,"[-0.042521249989365704, 0.5271564764939201]",17,85
weather,"[-0.0425212499893657, 0.52715647649392]",18,86
weather,"[-0.04252124998936572, 0.5271564764939201]",19,87
weather,"[-0.04252124998936572, 0.5271564764939201]",20,88
weather,"[-0.04252124998936572, 0.5271564764939201]",21,89
weather,"[-0.04252124998936571, 0.5271564764939201]",22,90
weather,"[-0.04252124998936572, 0.5473157220055898]",23,91
weather,"[-0.03941458843319164, 0.5473157220055898]",24,92
weather,"[-0.03941458843319164, 0.5700321059902493]",25,93
weather,"[-0.03619946560933341, 0.5700321059902493]",26,94
weather,"[-0.03619946560933341, 0.5700321059902493]",27,95
weather,"[-0.03619946560933341, 0.5700321059902494]",28,96
weather,"[-0.03619946560933341, 0.5958802624071915]",29,97
weather,"[-0.03284973369029968, 0.5958802624071915]",30,98
weather,"[-0.03284973369029968, 0.6256357713104292]",31,99
weather,"[-0.029331525697968337, 0.6256357713104292]",32,100
weather,"[-0.029331525697968337, 0.6256357713104292]",33,101
weather,"[-0.029331525697968337, 0.6256357713104294]",34,102
weather,"[-0.02933152569796833, 0.6256357713104292]",35,103
weather,"[-0.029331525697968333, 0.6256357713104294]",36,104
weather,"[-0.029331525697968333, 0.6256357713104294]",37,105
weather,"[-0.029331525697968337, 0.6256357713104294]",38,106
weather,"[-0.02933152569796833, 0.6603754344907471]",39,107
weather,"[-0.025599655287602645, 0.6603754344907471]",40,108
weather,"[-0.03648080429094367, 0.6603754344907471]",41,109
theresa may,"[-0.026650089544451323, 0.5683985600588053]",69,137
theresa may,"[-0.026650089544451323, 0.5683985600588054]",70,138
theresa may,"[-0.02159167585437653, 0.7016464154456233]",71,139
theresa may,"[-0.02159167585437653, 0.7016464154456233]",72,140
theresa may,"[-0.02159167585437653, 0.7016464154456233]",73,141
theresa may,"[-0.02159167585437653, 0.7016464154456233]",74,142
theresa may,"[-0.02159167585437653, 0.7016464154456233]",75,143
theresa may,"[-0.02159167585437653, 0.7016464154456233]",76,144
theresa may,"[-0.01515151515151516, 1.0]",77,145
theresa may,"[-0.01515151515151516, 1.0]",78,146
kim jong-un,"[0.13586993219870652, 0.6174544517614234]",27,95
kim jong-un,"[0.2839372243904292, 0.6174544517614234]",28,96
kim jong-un,"[0.2839372243904292, 0.6174544517614234]",29,97
kim jong-un,"[0.2839372243904292, 0.6174544517614234]",30,98
kim jong-un,"[0.2839372243904292, 0.6174544517614234]",31,99
kim jong-un,"[0.2839372243904292, 0.6174544517614234]",32,100
kim jong-un,"[0.2839372243904292, 0.6174544517614234]",33,101
kim jong-un,"[0.2839372243904292, 0.6174544517614234]",34,102
kim jong-un,"[0.2839372243904292, 0.6174544517614234]",35,103
kim jong-un,"[0.2839372243904292, 0.6174544517614234]",36,104
kim jong-un,"[0.32597182586479956, 0.6959705453537527]",37,105
kim jong-un,"[0.32597182586479956, 0.6959705453537527]",38,106
kim jong-un,"[0.38610688370064794, 0.5683985600588052]",39,107
kim jong-un,"[-0.021591675854376532, 0.7016464154456233]",40,108
kim jong-un,"[-0.021591675854376532, 0.7016464154456233]",41,109
kim jong-un,"[-0.021591675854376532, 0.7016464154456233]",42,110
bbc,"[0.5685352436149613, -0.027066598098038346]",26,94
bbc,"[0.5685352436149613, -0.027066598098038346]",27,95
bbc,"[0.5685352436149614, -0.027066598098038352]",28,96
bbc,"[0.5685352436149614, -0.027066598098038352]",29,97
bbc,"[0.5685352436149614, -0.027066598098038352]",30,98
bbc,"[0.5685352436149615, -0.027066598098038346]",31,99
bbc,"[0.5685352436149614, -0.027066598098038346]",32,100
bbc,"[0.5685352436149614, -0.027066598098038346]",33,101
bbc,"[0.5685352436149614, -0.027066598098038346]",34,102
bbc,"[0.5685352436149615, -0.027066598098038346]",35,103
bbc,"[0.5685352436149615, -0.027066598098038346]",36,104
bbc,"[0.5685352436149615, -0.027066598098038346]",37,105
bbc,"[0.5685352436149615, -0.027066598098038346]",38,106
derek chauvin,"[1.0, nan]",39,107
derek chauvin,"[0.701729465267237, -0.015384615384615384]",40,108
derek chauvin,"[0.7017294652672369, -0.021926450482675726]",41,109
derek chauvin,"[0.7017294652672369, -0.021926450482675726]",42,110
derek chauvin,"[0.7017294652672369, -0.02192645048267573]",43,111
derek chauvin,"[0.7017294652672369, -0.02192645048267573]",44,112
derek chauvin,"[0.7017294652672369, -0.02192645048267573]",45,113
derek chauvin,"[0.7017294652672369, -0.02192645048267573]",46,114
derek chauvin,"[0.6930949688156423, -0.024860550508181416]",47,115
derek chauvin,"[0.6930949688156423, -0.024860550508181416]",48,116
derek chauvin,"[0.6930949688156423, -0.024860550508181416]",49,117
derek chauvin,"[0.6930949688156421, -0.02486055050818142]",50,118
derek chauvin,"[0.693094968815642, -0.02486055050818142]",51,119
derek chauvin,"[0.693094968815642, -0.024860550508181423]",52,120
derek chauvin,"[0.6930949688156421, -0.024860550508181416]",53,121
derek chauvin,"[0.6930949688156421, -0.02486055050818142]",54,122
derek chauvin,"[0.693094968815642, -0.02486055050818142]",55,123
derek chauvin,"[0.693094968815642, -0.024860550508181423]",56,124
derek chauvin,"[0.6930949688156421, -0.024860550508181416]",57,125
derek chauvin,"[0.6930949688156423, -0.024860550508181423]",58,126
derek chauvin,"[0.6848442988781889, -0.0277587453824102]",59,127
truck driver,"[0.5685352436149611, -0.027066598098038346]",35,103
truck driver,"[0.5685352436149612, -0.027066598098038346]",36,104
truck driver,"[0.5685352436149613, -0.027066598098038342]",37,105
truck driver,"[0.5685352436149613, -0.027066598098038356]",38,106
critics,"[0.6961432213383855, -0.04490132550669372]",0,68
critics,"[0.6961432213383855, -0.04490132550669372]",1,69
critics,"[0.6961432213383855, -0.04490132550669371]",2,70
critics,"[-0.027436545983712125, 0.7016464154456235]",69,137
critics,"[-0.021591675854376526, 0.7016464154456235]",70,138
critics,"[-0.01515151515151516, 1.0]",71,139
critics,"[-0.01515151515151516, 1.0]",72,140
critics,"[-0.01515151515151516, 1.0]",73,141
critics,"[-0.01515151515151516, 1.0]",74,142
critics,"[-0.01515151515151516, 1.0]",75,143
critics,"[-0.01515151515151516, 1.0]",76,144
critics,"[-0.01515151515151516, 1.0]",77,145
critics,"[-0.01515151515151516, 1.0]",78,146
jair bolsonaro,"[0.6217696129822736, -0.020768831372467766]",5,73
jair bolsonaro,"[0.6217696129822736, -0.029600138923644687]",6,74
jair bolsonaro,"[0.6217696129822737, -0.02960013892364469]",7,75
jair bolsonaro,"[0.6217696129822737, -0.029600138923644687]",8,76
jair bolsonaro,"[0.6217696129822737, -0.029600138923644687]",9,77
jair bolsonaro,"[0.6217696129822738, -0.029600138923644687]",10,78
jair bolsonaro,"[0.6217696129822738, -0.029600138923644687]",11,79
jair bolsonaro,"[0.6217696129822736, -0.029600138923644687]",12,80
jair bolsonaro,"[0.6217696129822738, -0.029600138923644687]",13,81
jair bolsonaro,"[0.621769612982274, -0.029600138923644687]",14,82
jair bolsonaro,"[0.621769612982274, -0.029600138923644673]",15,83
jair bolsonaro,"[0.6217696129822736, -0.02960013892364469]",16,84
jair bolsonaro,"[0.6217696129822737, -0.02960013892364469]",17,85
jair bolsonaro,"[0.6217696129822737, -0.029600138923644673]",18,86
jair bolsonaro,"[0.6217696129822737, -0.029600138923644673]",19,87
jair bolsonaro,"[0.6217696129822736, -0.029600138923644683]",20,88
jair bolsonaro,"[0.6217696129822737, -0.029600138923644683]",21,89
jair bolsonaro,"[0.6217696129822737, -0.029600138923644673]",22,90
jair bolsonaro,"[0.6217696129822737, -0.029600138923644676]",23,91
jair bolsonaro,"[0.6217696129822734, -0.029600138923644673]",24,92
jair bolsonaro,"[0.6217696129822736, -0.029600138923644683]",25,93
jair bolsonaro,"[0.6217696129822736, -0.02960013892364468]",26,94
jair bolsonaro,"[0.6217696129822736, -0.02960013892364468]",27,95
jair bolsonaro,"[0.6217696129822736, -0.029600138923644676]",28,96
jair bolsonaro,"[0.6217696129822736, -0.029600138923644676]",29,97
jair bolsonaro,"[0.6217696129822736, -0.02960013892364468]",30,98
jair bolsonaro,"[0.6217696129822736, -0.02960013892364468]",31,99
jair bolsonaro,"[0.6217696129822734, -0.02960013892364468]",32,100
jair bolsonaro,"[0.6217696129822734, -0.029600138923644676]",33,101
jair bolsonaro,"[0.6217696129822734, -0.029600138923644676]",34,102
jair bolsonaro,"[0.6217696129822734, -0.029600138923644676]",35,103
jair bolsonaro,"[0.6217696129822736, -0.029600138923644676]",36,104
jair bolsonaro,"[0.5624775802626507, -0.03627381250550058]",37,105
jair bolsonaro,"[0.5624775802626507, -0.03627381250550056]",38,106
boko haram,"[0.6217696129822738, -0.020768831372467766]",53,121
boko haram,"[0.6217696129822736, -0.029600138923644687]",54,122
boko haram,"[0.6217696129822737, -0.029600138923644687]",55,123
boko haram,"[0.6217696129822737, -0.029600138923644687]",56,124
boko haram,"[0.6217696129822737, -0.02960013892364468]",57,125
boko haram,"[0.6217696129822738, -0.02960013892364468]",58,126
boko haram,"[0.6217696129822738, -0.02960013892364468]",59,127
boko haram,"[0.6217696129822737, -0.02960013892364468]",60,128
boko haram,"[0.6217696129822737, -0.02960013892364468]",61,129
boko haram,"[0.6217696129822738, -0.02960013892364468]",62,130
boko haram,"[0.6217696129822738, -0.029600138923644673]",63,131
boko haram,"[0.6217696129822737, -0.029600138923644683]",64,132
boko haram,"[0.6217696129822737, -0.029600138923644683]",65,133
boko haram,"[0.6217696129822737, -0.029600138923644673]",66,134
boko haram,"[0.6217696129822737, -0.029600138923644673]",67,135
boko haram,"[0.6217696129822736, -0.029600138923644683]",68,136
boko haram,"[0.6217696129822737, -0.029600138923644683]",69,137
boko haram,"[0.6217696129822736, -0.029600138923644673]",70,138
boko haram,"[0.6217696129822737, -0.029600138923644673]",71,139
boko haram,"[0.6217696129822735, -0.029600138923644673]",72,140
boko haram,"[0.6217696129822736, -0.021926450482675733]",73,141
boko haram,"[0.7017294652672367, -0.021926450482675733]",74,142
boko haram,"[0.7017294652672368, -0.021926450482675726]",75,143
boko haram,"[0.7017294652672368, -0.021926450482675726]",76,144
boko haram,"[0.7017294652672367, -0.021926450482675726]",77,145
boko haram,"[0.7017294652672367, -0.021926450482675733]",78,146
boko haram,"[0.7017294652672368, -0.021926450482675726]",79,147
boko haram,"[0.7017294652672368, -0.021926450482675726]",80,148
boko haram,"[0.7017294652672368, -0.021926450482675726]",81,149
boko haram,"[0.7017294652672368, -0.021926450482675733]",82,150
boko haram,"[0.7017294652672368, -0.021926450482675726]",83,151
boko haram,"[0.7017294652672368, -0.021926450482675733]",84,152
boko haram,"[0.7017294652672368, -0.021926450482675733]",85,153
boko haram,"[0.7017294652672368, -0.021926450482675733]",86,154
boko haram,"[0.7017294652672368, -0.021926450482675726]",87,155
boko haram,"[0.701729465267237, -0.02192645048267573]",88,156
boko haram,"[0.7017294652672369, -0.02192645048267573]",89,157
boko haram,"[0.7017294652672369, -0.02192645048267573]",90,158
boko haram,"[0.701729465267237, -0.02192645048267573]",91,159
boko haram,"[0.701729465267237, -0.02192645048267573]",92,160
boko haram,"[0.7017294652672369, -0.02192645048267573]",93,161
boko haram,"[0.7017294652672369, -0.021926450482675733]",94,162
boko haram,"[0.701729465267237, -0.02192645048267573]",95,163
boko haram,"[0.701729465267237, -0.02192645048267573]",96,164
boko haram,"[0.701729465267237, -0.02192645048267573]",97,165
boko haram,"[0.701729465267237, -0.021926450482675733]",98,166
boko haram,"[0.701729465267237, -0.02192645048267573]",99,167
boko haram,"[0.701729465267237, -0.02192645048267573]",100,168
looters,"[0.5685352436149611, -0.027066598098038335]",41,109
looters,"[0.7017294652672369, -0.021926450482675726]",42,110
looters,"[0.7017294652672369, -0.02192645048267573]",43,111
looters,"[0.5685352436149611, -0.02192645048267573]",44,112
looters,"[0.5685352436149612, -0.027066598098038342]",45,113
looters,"[0.5685352436149612, -0.02706659809803833]",46,114
looters,"[0.5685352436149611, -0.02706659809803834]",47,115
looters,"[0.5685352436149611, -0.02706659809803834]",48,116
looters,"[0.5685352436149612, -0.02706659809803834]",49,117
looters,"[0.5685352436149612, -0.02706659809803834]",50,118
looters,"[0.5685352436149612, -0.027066598098038346]",51,119
looters,"[0.5685352436149612, -0.027066598098038346]",52,120
looters,"[0.5685352436149612, -0.02706659809803834]",53,121
looters,"[0.5685352436149612, -0.027066598098038346]",54,122
looters,"[0.5685352436149612, -0.02706659809803834]",55,123
looters,"[0.5685352436149612, -0.027066598098038346]",56,124
looters,"[0.5685352436149612, -0.02706659809803834]",57,125
looters,"[0.5685352436149613, -0.027066598098038346]",58,126
looters,"[0.5685352436149613, -0.02706659809803834]",59,127
looters,"[0.5685352436149613, -0.02706659809803835]",60,128
looters,"[0.5685352436149613, -0.02706659809803834]",61,129
looters,"[0.5685352436149613, -0.027066598098038352]",62,130
looters,"[0.5685352436149613, -0.02706659809803834]",63,131
looters,"[0.5685352436149613, -0.027066598098038335]",64,132
looters,"[0.5685352436149613, -0.02706659809803834]",65,133
hunter biden,"[1.0, nan]",48,116
hunter biden,"[0.5459244698279525, -0.015384615384615385]",49,117
hunter biden,"[0.5459244698279525, -0.021487744199863813]",50,118
hunter biden,"[0.5459244698279526, -0.021487744199863813]",51,119
hunter biden,"[0.5459244698279525, -0.021487744199863813]",52,120
hunter biden,"[0.5459244698279525, -0.021487744199863813]",53,121
hunter biden,"[0.5459244698279526, -0.021487744199863813]",54,122
hunter biden,"[0.5459244698279527, -0.021487744199863813]",55,123
hunter biden,"[0.5459244698279525, -0.021487744199863813]",56,124
hunter biden,"[0.5459244698279525, -0.021487744199863813]",57,125
hunter biden,"[0.5459244698279526, -0.021487744199863813]",58,126
hunter biden,"[0.5459244698279527, -0.021487744199863816]",59,127
hunter biden,"[0.5459244698279526, -0.02148774419986382]",60,128
hunter biden,"[0.5459244698279526, -0.02148774419986382]",61,129
hunter biden,"[0.5459244698279526, -0.021487744199863816]",62,130
hunter biden,"[0.5459244698279527, -0.02148774419986382]",63,131
hunter biden,"[0.5459244698279527, -0.02148774419986382]",64,132
hunter biden,"[0.5246077874428697, -0.02148774419986382]",65,133
hunter biden,"[0.5055950426512743, -0.024973998952923494]",66,134
hunter biden,"[0.5055950426512743, -0.028303917518853902]",67,135
hunter biden,"[0.5055950426512742, -0.028303917518853902]",68,136
hunter biden,"[0.5055950426512742, -0.028303917518853906]",69,137
hunter biden,"[0.5055950426512743, -0.0283039175188539]",70,138
hunter biden,"[0.5055950426512743, -0.028303917518853902]",71,139
hunter biden,"[0.5055950426512742, -0.0283039175188539]",72,140
hunter biden,"[0.5055950426512742, -0.028303917518853906]",73,141
hunter biden,"[0.5055950426512743, -0.0283039175188539]",74,142
hunter biden,"[0.5055950426512743, -0.028303917518853902]",75,143
hunter biden,"[0.5055950426512743, -0.028303917518853906]",76,144
hunter biden,"[0.5055950426512743, -0.02830391751885391]",77,145
hunter biden,"[0.5055950426512743, -0.028303917518853906]",78,146
hunter biden,"[0.5055950426512743, -0.02830391751885391]",79,147
hunter biden,"[0.5055950426512743, -0.02830391751885391]",80,148
hunter biden,"[0.5055950426512743, -0.02830391751885391]",81,149
hunter biden,"[0.5055950426512743, -0.028303917518853906]",82,150
hunter biden,"[0.5055950426512744, -0.028303917518853913]",83,151
hunter biden,"[0.5055950426512744, -0.028303917518853913]",84,152
hunter biden,"[0.5055950426512744, -0.028303917518853913]",85,153
hunter biden,"[0.5055950426512744, -0.028303917518853913]",86,154
hunter biden,"[0.5055950426512744, -0.028303917518853913]",87,155
hunter biden,"[0.5055950426512744, -0.028303917518853913]",88,156
hunter biden,"[0.5055950426512744, -0.028303917518853916]",89,157
hunter biden,"[0.5055950426512744, -0.028303917518853913]",90,158
chris christie,"[-0.03660759430848456, 0.664133035452319]",0,68
chris christie,"[-0.03660759430848456, 0.664133035452319]",1,69
chris christie,"[-0.03660759430848456, 0.6641330354523192]",2,70
liberals,"[-0.026650089544451323, 0.5683985600588051]",27,95
liberals,"[-0.026650089544451323, 0.5683985600588051]",28,96
liberals,"[-0.026650089544451323, 0.5683985600588051]",29,97
liberals,"[-0.026650089544451323, 0.5683985600588052]",30,98
liberals,"[-0.026650089544451323, 0.5683985600588051]",31,99
liberals,"[-0.026650089544451323, 0.5683985600588051]",32,100
liberals,"[-0.026650089544451323, 0.5683985600588051]",33,101
liberals,"[-0.021591675854376526, 0.7016464154456235]",34,102
liberals,"[-0.01515151515151516, 1.0]",35,103
liberals,"[-0.01515151515151516, 1.0]",36,104
liberals,"[-0.015151515151515157, 1.0]",37,105
liberals,"[-0.01515151515151516, 1.0]",38,106
liberals,"[-0.01515151515151516, 1.0]",39,107
liberals,"[-0.01515151515151516, 1.0]",40,108
liberals,"[-0.015151515151515157, 1.0]",41,109
liberals,"[-0.01515151515151516, 1.0]",42,110
liberals,"[-0.01515151515151516, 1.0]",43,111
liberals,"[-0.01515151515151516, 1.0]",44,112
liberals,"[-0.01515151515151516, 1.0]",45,113
liberals,"[-0.01515151515151516, 1.0]",46,114
liberals,"[-0.01515151515151516, 1.0]",47,115
liberals,"[-0.01515151515151516, 1.0]",48,116
liberals,"[-0.01515151515151516, 1.0]",49,117
liberals,"[-0.01515151515151516, 1.0]",50,118
shooter,"[0.6217696129822736, -0.02960013892364468]",60,128
shooter,"[0.6217696129822737, -0.02192645048267573]",61,129
shooter,"[0.7017294652672368, -0.02192645048267573]",62,130
shooter,"[0.7017294652672368, -0.02192645048267573]",63,131
shooter,"[0.7017294652672368, -0.02192645048267573]",64,132
shooter,"[0.7017294652672368, -0.02192645048267573]",65,133
shooter,"[0.7017294652672368, -0.02192645048267573]",66,134
shooter,"[0.7017294652672368, -0.02192645048267573]",67,135
shooter,"[1.0, -0.015384615384615385]",68,136
shooter,"[1.0, -0.015384615384615385]",69,137
shooter,"[1.0, -0.015384615384615385]",70,138
shooter,"[1.0, -0.015384615384615385]",71,139
shooter,"[1.0, -0.015384615384615385]",72,140
shooter,"[1.0, -0.015384615384615385]",73,141
shooter,"[1.0, -0.015384615384615385]",74,142
shooter,"[1.0, -0.015384615384615385]",75,143
shooter,"[1.0, -0.015384615384615385]",76,144
shooter,"[1.0, -0.015384615384615385]",77,145
shooter,"[1.0, -0.015384615384615385]",78,146
shooter,"[1.0, -0.015384615384615385]",79,147
shooter,"[1.0, -0.015384615384615389]",80,148
shooter,"[1.0, -0.015384615384615389]",81,149
shooter,"[1.0, -0.015384615384615385]",82,150
shooter,"[1.0, -0.015384615384615385]",83,151
shooter,"[1.0, -0.015384615384615389]",84,152
shooter,"[1.0, -0.015384615384615389]",85,153
shooter,"[1.0, -0.015384615384615385]",86,154
shooter,"[1.0, -0.015384615384615385]",87,155
shooter,"[1.0, -0.015384615384615389]",88,156
shooter,"[1.0, -0.015384615384615389]",89,157
shooter,"[1.0, -0.015384615384615389]",90,158
shooter,"[1.0, -0.015384615384615392]",91,159
shooter,"[1.0, -0.015384615384615392]",92,160
shooter,"[1.0, -0.015384615384615389]",93,161
shooter,"[1.0, -0.015384615384615389]",94,162
shooter,"[1.0, -0.015384615384615389]",95,163
shooter,"[1.0, -0.015384615384615389]",96,164
shooter,"[1.0, -0.015384615384615389]",97,165
shooter,"[1.0, -0.015384615384615389]",98,166
shooter,"[1.0, -0.015384615384615389]",99,167
shooter,"[1.0, -0.015384615384615392]",100,168
germany,"[0.701729465267237, -0.02192645048267574]",0,68
society,"[0.7017294652672371, -0.0153846153846154]",27,95
society,"[1.0, -0.0153846153846154]",28,96
society,"[1.0, -0.0153846153846154]",29,97
society,"[1.0, -0.0153846153846154]",30,98
society,"[1.0, nan]",31,99
imran khan,"[-0.02159167585437652, 0.7016464154456232]",94,162
imran khan,"[-0.02159167585437652, 0.7016464154456232]",95,163
imran khan,"[-0.02665008954445131, 0.568398560058805]",96,164
imran khan,"[-0.026650089544451305, 0.568398560058805]",97,165
imran khan,"[-0.026650089544451305, 0.568398560058805]",98,166
imran khan,"[-0.026650089544451312, 0.5683985600588051]",99,167
imran khan,"[-0.026650089544451312, 0.568398560058805]",100,168
thieves,"[-0.031016140346615696, 0.5683985600588051]",57,125
thieves,"[-0.026650089544451312, 0.5683985600588051]",58,126
thieves,"[-0.026650089544451312, 0.5683985600588052]",59,127
thieves,"[-0.026650089544451316, 0.5683985600588052]",60,128
thieves,"[-0.026650089544451316, 0.7016464154456232]",61,129
thieves,"[-0.02159167585437652, 0.7016464154456233]",62,130
thieves,"[-0.02159167585437652, 0.7016464154456232]",63,131
thieves,"[-0.02159167585437652, 0.7016464154456232]",64,132
thieves,"[-0.02159167585437652, 0.7016464154456232]",65,133
thieves,"[-0.02159167585437652, 0.7016464154456233]",66,134
thieves,"[-0.02159167585437652, 0.7016464154456232]",67,135
thieves,"[-0.02159167585437652, 0.7016464154456232]",68,136
thieves,"[-0.02159167585437652, 0.7016464154456232]",69,137
thieves,"[-0.02159167585437652, 0.7016464154456233]",70,138
thieves,"[-0.02159167585437652, 0.7016464154456232]",71,139
thieves,"[-0.02159167585437652, 0.7016464154456233]",72,140
thieves,"[-0.02159167585437652, 0.7016464154456233]",73,141
thieves,"[-0.02159167585437652, 0.7016464154456233]",74,142
thieves,"[-0.021591675854376526, 1.0]",75,143
thieves,"[-0.015151515151515157, 1.0]",76,144
thieves,"[-0.015151515151515154, 1.0]",77,145
thieves,"[-0.015151515151515157, 1.0]",78,146
thieves,"[-0.01515151515151516, 1.0]",79,147
thieves,"[-0.015151515151515157, 1.0]",80,148
thieves,"[-0.015151515151515154, 1.0]",81,149
thieves,"[-0.015151515151515157, 1.0]",82,150
thieves,"[-0.01515151515151516, 1.0]",83,151
thieves,"[-0.01515151515151516, 1.0]",84,152
thieves,"[-0.01515151515151516, 1.0]",85,153
thieves,"[-0.01515151515151516, 1.0]",86,154
thieves,"[-0.01515151515151516, 1.0]",87,155
thieves,"[-0.01515151515151516, 1.0]",88,156
thieves,"[-0.01515151515151516, 1.0]",89,157
thieves,"[-0.01515151515151516, 1.0]",90,158
thieves,"[-0.01515151515151516, 1.0]",91,159
thieves,"[-0.01515151515151516, 1.0]",92,160
thieves,"[-0.015151515151515157, 1.0]",93,161
thieves,"[-0.01515151515151516, 1.0]",94,162
thieves,"[-0.01515151515151516, 1.0]",95,163
thieves,"[-0.01515151515151516, 1.0]",96,164
thieves,"[-0.015151515151515157, 1.0]",97,165
thieves,"[-0.01515151515151516, 1.0]",98,166
thieves,"[-0.01515151515151516, 1.0]",99,167
thieves,"[-0.01515151515151516, 1.0]",100,168
brett kavanaugh,"[-0.025060767722064718, 0.7016464154456233]",0,68
michael cohen,"[0.701729465267237, nan]",9,77
jeffrey epstein,"[-0.015151515151515152, 1.0]",39,107
jeffrey epstein,"[-0.015151515151515152, 1.0]",40,108
jeffrey epstein,"[-0.015151515151515154, 0.9999999999999999]",41,109
jeffrey epstein,"[-0.015151515151515154, 0.9999999999999999]",42,110
jeffrey epstein,"[-0.015151515151515154, 0.9999999999999999]",43,111
jeffrey epstein,"[-0.021591675854376522, 1.0]",44,112
jeffrey epstein,"[-0.021591675854376526, 0.7016464154456233]",45,113
jeffrey epstein,"[-0.021591675854376526, 0.7016464154456233]",46,114
jeffrey epstein,"[-0.021591675854376526, 0.7016464154456233]",47,115
jeffrey epstein,"[-0.021591675854376526, 0.7016464154456233]",48,116
jeffrey epstein,"[-0.02159167585437652, 0.7016464154456233]",49,117
jeffrey epstein,"[-0.02159167585437652, 0.7016464154456233]",50,118
jeffrey epstein,"[-0.02159167585437652, 0.7016464154456233]",51,119
jeffrey epstein,"[-0.02159167585437652, 0.7016464154456233]",52,120
jeffrey epstein,"[-0.02159167585437652, 0.7016464154456233]",53,121
jeffrey epstein,"[-0.02159167585437652, 0.7016464154456233]",54,122
jeffrey epstein,"[-0.02159167585437652, 0.7016464154456233]",55,123
jeffrey epstein,"[-0.02159167585437652, 0.7016464154456232]",56,124
jeffrey epstein,"[-0.02159167585437652, 0.7016464154456233]",57,125
jeffrey epstein,"[-0.02159167585437652, 0.7016464154456232]",58,126
jeffrey epstein,"[-0.02159167585437652, 0.7016464154456233]",59,127
jeffrey epstein,"[-0.02159167585437652, 0.7016464154456233]",60,128
jeffrey epstein,"[-0.02159167585437652, 0.7016464154456233]",61,129
jeffrey epstein,"[-0.02159167585437652, 0.7016464154456232]",62,130
jeffrey epstein,"[-0.02159167585437652, 0.7016464154456233]",63,131
jeffrey epstein,"[-0.02159167585437652, 0.7016464154456233]",64,132
jeffrey epstein,"[-0.02159167585437652, 0.7016464154456233]",65,133
jeffrey epstein,"[-0.02159167585437652, 0.7016464154456232]",66,134
jeffrey epstein,"[-0.02159167585437652, 0.7016464154456232]",67,135
jeffrey epstein,"[-0.02159167585437652, 0.7016464154456233]",68,136
jeffrey epstein,"[-0.02159167585437652, 0.7016464154456232]",69,137
jeffrey epstein,"[-0.02159167585437652, 0.7016464154456233]",70,138
jeffrey epstein,"[-0.02159167585437652, 0.7016464154456233]",71,139
jeffrey epstein,"[-0.02159167585437652, 0.7016464154456233]",72,140
jeffrey epstein,"[-0.02159167585437652, 0.7016464154456232]",73,141
jeffrey epstein,"[-0.021591675854376526, 0.7016464154456233]",74,142
jeffrey epstein,"[-0.02159167585437652, 0.7016464154456233]",75,143
jeffrey epstein,"[-0.02506076772206472, 0.7016464154456233]",76,144
hezbollah,"[0.7017294652672368, -0.021926450482675733]",0,68
hezbollah,"[0.7017294652672369, -0.02192645048267573]",1,69
hezbollah,"[0.7017294652672369, -0.02192645048267573]",2,70
hezbollah,"[0.7017294652672368, -0.02192645048267573]",3,71
hezbollah,"[0.7017294652672368, -0.021926450482675733]",4,72
hezbollah,"[0.7017294652672369, -0.02192645048267573]",5,73
hezbollah,"[0.7017294652672369, -0.02192645048267573]",6,74
john conyers,"[0.9804702413667811, -0.018156825980064076]",0,68
john conyers,"[0.9804702413667812, -0.018156825980064073]",1,69
john conyers,"[0.980470241366781, -0.018156825980064073]",2,70
john conyers,"[0.9804702413667811, -0.018156825980064073]",3,71
john conyers,"[0.9804702413667811, -0.018156825980064076]",4,72
john conyers,"[0.9804702413667812, -0.018156825980064073]",5,73
john conyers,"[0.980470241366781, -0.018156825980064073]",6,74
john conyers,"[0.9804702413667812, -0.018156825980064073]",7,75
john conyers,"[0.9804702413667812, -0.018156825980064076]",8,76
john conyers,"[0.9804702413667812, -0.018156825980064073]",9,77
john conyers,"[0.980470241366781, -0.018156825980064073]",10,78
john conyers,"[0.9804702413667812, -0.018156825980064073]",11,79
john conyers,"[0.9804702413667812, -0.018156825980064073]",12,80
john conyers,"[0.9804702413667812, -0.018156825980064073]",13,81
john conyers,"[0.980470241366781, -0.018156825980064073]",14,82
john conyers,"[0.9804702413667811, -0.018156825980064073]",15,83
john conyers,"[0.9804702413667811, -0.018156825980064073]",16,84
john conyers,"[0.9804702413667812, -0.018156825980064073]",17,85
john conyers,"[0.980470241366781, -0.018156825980064073]",18,86
john conyers,"[0.9804702413667808, -0.018156825980064073]",19,87
john conyers,"[0.9804702413667808, -0.018156825980064073]",20,88
john conyers,"[0.980470241366781, -0.018156825980064076]",21,89
john conyers,"[0.980470241366781, -0.018156825980064076]",22,90
john conyers,"[0.980470241366781, -0.018156825980064076]",23,91
john conyers,"[0.980470241366781, -0.01815682598006408]",24,92
john conyers,"[0.980470241366781, -0.018156825980064076]",25,93
john conyers,"[0.980470241366781, -0.018156825980064076]",26,94
john conyers,"[0.980470241366781, -0.018156825980064076]",27,95
john conyers,"[0.980470241366781, -0.01815682598006408]",28,96
john conyers,"[0.980470241366781, -0.018156825980064073]",29,97
john conyers,"[0.9804702413667812, -0.018156825980064076]",30,98
john conyers,"[0.9804702413667811, -0.018156825980064076]",31,99
john conyers,"[0.9804702413667811, -0.018156825980064076]",32,100
john conyers,"[0.9804702413667812, -0.018156825980064073]",33,101
john conyers,"[0.9804702413667811, -0.018156825980064076]",34,102
john conyers,"[0.9804702413667811, -0.018156825980064076]",35,103
john conyers,"[0.9804702413667811, -0.018156825980064076]",36,104
john conyers,"[0.9804702413667812, -0.018156825980064076]",37,105
john conyers,"[0.9804702413667811, -0.018156825980064073]",38,106
john conyers,"[0.9804702413667812, -0.018156825980064076]",39,107
john conyers,"[0.9804702413667812, -0.018156825980064073]",40,108
john conyers,"[0.9804702413667812, -0.018156825980064073]",41,109
john conyers,"[0.9804702413667811, -0.018156825980064073]",42,110
john conyers,"[0.9804702413667812, -0.018156825980064076]",43,111
john conyers,"[0.9804702413667812, -0.018156825980064073]",44,112
john conyers,"[0.9804702413667812, nan]",45,113
corruption,"[0.7017294652672371, -0.02192645048267573]",26,94
corruption,"[0.7017294652672371, -0.021926450482675733]",27,95
corruption,"[0.7017294652672371, -0.021926450482675733]",28,96
corruption,"[0.7017294652672371, -0.02192645048267573]",29,97
corruption,"[0.7017294652672371, -0.02192645048267573]",30,98
corruption,"[0.701729465267237, -0.021926450482675726]",31,99
corruption,"[0.701729465267237, -0.021926450482675726]",32,100
corruption,"[0.7017294652672371, -0.02192645048267573]",33,101
corruption,"[0.7017294652672371, -0.02192645048267573]",34,102
corruption,"[0.701729465267237, -0.02192645048267573]",35,103
corruption,"[0.701729465267237, -0.02192645048267573]",36,104
corruption,"[0.7017294652672371, -0.021926450482675736]",37,105
corruption,"[0.701729465267237, -0.021926450482675733]",38,106
corruption,"[0.701729465267237, -0.021926450482675733]",39,107
corruption,"[0.701729465267237, -0.021926450482675733]",40,108
corruption,"[0.701729465267237, -0.02192645048267574]",41,109
corruption,"[0.701729465267237, -0.021926450482675733]",42,110
corruption,"[0.7017294652672371, -0.02192645048267574]",50,118
corruption,"[0.701729465267237, -0.02192645048267574]",51,119
corruption,"[0.701729465267237, -0.02192645048267574]",52,120
corruption,"[0.7017294652672371, -0.02192645048267574]",53,121
corruption,"[0.7017294652672371, -0.02192645048267574]",54,122
corruption,"[0.7017294652672371, -0.02192645048267574]",55,123
corruption,"[0.7017294652672371, -0.02192645048267574]",56,124
corruption,"[0.7017294652672371, -0.02192645048267574]",57,125
corruption,"[0.7017294652672371, -0.02192645048267574]",58,126
corruption,"[0.7017294652672371, -0.02192645048267574]",59,127
corruption,"[0.7017294652672371, -0.02192645048267574]",60,128
corruption,"[0.7017294652672371, nan]",61,129
larry nassar,"[0.5624775802626506, 0.2629851406648792]",0,68
larry nassar,"[0.5624775802626506, 0.2629851406648792]",1,69
larry nassar,"[0.5624775802626506, 0.2629851406648792]",2,70
larry nassar,"[-0.02159167585437653, 0.7016464154456233]",50,118
kansas,"[1.0, -0.015384615384615382]",0,68
kansas,"[1.0, -0.015384615384615385]",1,69
kansas,"[1.0, -0.015384615384615382]",2,70
kansas,"[1.0, -0.015384615384615382]",3,71
kansas,"[1.0, -0.015384615384615382]",4,72
kansas,"[1.0, -0.015384615384615382]",5,73
kansas,"[1.0, -0.015384615384615382]",6,74
kansas,"[1.0, -0.015384615384615382]",7,75
kansas,"[1.0, -0.015384615384615382]",8,76
kansas,"[1.0, -0.015384615384615385]",9,77
kansas,"[1.0, -0.015384615384615382]",10,78
kansas,"[1.0, -0.015384615384615382]",11,79
kansas,"[1.0, -0.015384615384615382]",12,80
kansas,"[1.0, -0.015384615384615385]",13,81
kansas,"[1.0, -0.015384615384615382]",14,82
kansas,"[1.0, -0.015384615384615382]",15,83
kansas,"[1.0, -0.015384615384615382]",16,84
kansas,"[1.0, -0.015384615384615385]",17,85
kansas,"[1.0, -0.015384615384615382]",18,86
kansas,"[1.0, -0.015384615384615385]",19,87
kansas,"[1.0, -0.015384615384615382]",20,88
kansas,"[1.0, -0.015384615384615385]",21,89
kansas,"[1.0, -0.015384615384615382]",22,90
kansas,"[1.0, -0.015384615384615385]",23,91
kansas,"[1.0, -0.015384615384615382]",24,92
kansas,"[1.0, -0.015384615384615385]",25,93
kansas,"[1.0, -0.015384615384615382]",26,94
kansas,"[1.0, -0.015384615384615382]",27,95
kansas,"[1.0, -0.015384615384615379]",28,96
kansas,"[1.0, -0.015384615384615385]",29,97
kansas,"[1.0, -0.015384615384615382]",30,98
kansas,"[1.0, -0.015384615384615382]",31,99
kansas,"[1.0, -0.015384615384615379]",32,100
kansas,"[1.0, -0.015384615384615385]",33,101
kansas,"[1.0, -0.015384615384615382]",34,102
kansas,"[1.0, -0.015384615384615382]",35,103
kansas,"[1.0, -0.015384615384615379]",36,104
kansas,"[1.0, -0.015384615384615385]",37,105
kansas,"[1.0, -0.015384615384615382]",38,106
kansas,"[1.0, -0.015384615384615385]",39,107
kansas,"[1.0, -0.015384615384615382]",40,108
kansas,"[1.0, -0.015384615384615385]",41,109
kansas,"[1.0, -0.015384615384615379]",42,110
kansas,"[1.0, -0.015384615384615382]",43,111
kansas,"[1.0, -0.015384615384615382]",44,112
kansas,"[1.0, -0.015384615384615385]",45,113
kansas,"[1.0, -0.015384615384615382]",46,114
kansas,"[1.0, -0.015384615384615382]",47,115
kansas,"[1.0, -0.015384615384615382]",48,116
kansas,"[1.0, -0.015384615384615385]",49,117
kansas,"[1.0, -0.015384615384615382]",50,118
kansas,"[1.0, -0.015384615384615382]",51,119
kansas,"[1.0, -0.015384615384615382]",52,120
kansas,"[1.0, nan]",53,121
tristan thompson,"[0.5685352436149612, -0.027066598098038346]",0,68
tristan thompson,"[0.5685352436149614, -0.027066598098038356]",54,122
tristan thompson,"[0.5685352436149614, -0.021926450482675736]",55,123
lebron james,"[0.7017294652672369, -0.02192645048267573]",0,68
lebron james,"[0.7017294652672369, -0.02192645048267573]",1,69
lebron james,"[0.7017294652672369, -0.02192645048267573]",2,70
lebron james,"[0.7017294652672369, -0.02192645048267573]",3,71
lebron james,"[0.7017294652672369, -0.02192645048267573]",4,72
lebron james,"[0.7017294652672369, -0.02192645048267573]",5,73
lebron james,"[0.7017294652672369, -0.02192645048267573]",6,74
lebron james,"[0.7017294652672369, -0.02192645048267573]",7,75
lebron james,"[0.7017294652672368, -0.02192645048267573]",8,76
lebron james,"[0.7017294652672368, -0.02192645048267573]",9,77
lebron james,"[0.7017294652672368, -0.021926450482675726]",10,78
lebron james,"[0.7017294652672368, -0.021926450482675726]",11,79
lebron james,"[0.7017294652672369, -0.02192645048267573]",12,80
lebron james,"[0.7017294652672369, -0.02192645048267573]",13,81
lebron james,"[0.7017294652672369, -0.021926450482675726]",14,82
lebron james,"[0.7017294652672369, -0.021926450482675726]",15,83
lebron james,"[0.7017294652672368, -0.02192645048267573]",16,84
lebron james,"[0.7017294652672368, -0.02192645048267573]",17,85
lebron james,"[0.7017294652672368, -0.021926450482675726]",18,86
lebron james,"[0.7017294652672368, -0.021926450482675726]",19,87
lebron james,"[0.7017294652672369, -0.021926450482675726]",20,88
lebron james,"[0.7017294652672369, -0.021926450482675726]",21,89
lebron james,"[0.7017294652672369, -0.02192645048267572]",22,90
lebron james,"[0.7017294652672369, -0.021926450482675726]",23,91
lebron james,"[0.7017294652672369, -0.021926450482675726]",24,92
lebron james,"[0.7017294652672369, -0.021926450482675726]",25,93
lebron james,"[0.7017294652672369, -0.02192645048267572]",26,94
lebron james,"[0.7017294652672369, -0.021926450482675726]",27,95
lebron james,"[0.701729465267237, -0.02192645048267572]",28,96
lebron james,"[0.701729465267237, -0.02192645048267572]",29,97
lebron james,"[0.701729465267237, -0.021926450482675712]",30,98
lebron james,"[0.701729465267237, -0.021926450482675726]",31,99
lebron james,"[0.7017294652672369, -0.02192645048267572]",32,100
lebron james,"[0.7017294652672369, -0.02192645048267572]",33,101
lebron james,"[0.7017294652672369, -0.021926450482675712]",34,102
lebron james,"[0.7017294652672369, -0.021926450482675726]",35,103
lebron james,"[0.7017294652672366, -0.02192645048267572]",36,104
lebron james,"[0.7017294652672366, -0.02192645048267572]",37,105
lebron james,"[0.7017294652672366, -0.021926450482675712]",38,106
lebron james,"[0.7017294652672366, -0.021926450482675726]",39,107
lebron james,"[0.7017294652672366, -0.02192645048267572]",40,108
lebron james,"[0.7017294652672366, -0.02192645048267572]",41,109
lebron james,"[0.7017294652672366, -0.021926450482675712]",42,110
lebron james,"[0.7017294652672366, -0.02192645048267572]",43,111
lebron james,"[0.7017294652672366, -0.021926450482675712]",44,112
lebron james,"[0.7017294652672366, -0.021926450482675712]",45,113
lebron james,"[0.7017294652672366, -0.021926450482675712]",46,114
lebron james,"[0.7017294652672366, -0.02192645048267572]",47,115
lebron james,"[0.7017294652672366, -0.021926450482675712]",48,116
lebron james,"[0.7017294652672366, -0.021926450482675712]",49,117
lebron james,"[0.7017294652672366, -0.021926450482675712]",50,118
lebron james,"[0.7017294652672366, -0.02192645048267572]",51,119
lebron james,"[1.0, -0.015384615384615382]",52,120
lebron james,"[1.0, -0.015384615384615382]",53,121
lebron james,"[1.0, -0.015384615384615382]",54,122
lebron james,"[1.0, nan]",55,123
lebron james,"[1.0, nan]",61,129
lebron james,"[1.0, -0.015384615384615385]",62,130
lebron james,"[1.0, -0.015384615384615385]",63,131
lebron james,"[1.0, -0.015384615384615382]",64,132
lebron james,"[1.0, -0.015384615384615382]",65,133
lebron james,"[1.0, -0.015384615384615385]",66,134
lebron james,"[1.0, -0.015384615384615385]",67,135
lebron james,"[1.0, -0.015384615384615382]",68,136
lebron james,"[1.0, -0.015384615384615382]",69,137
lebron james,"[1.0, -0.015384615384615385]",70,138
lebron james,"[1.0, -0.015384615384615385]",71,139
lebron james,"[1.0, -0.015384615384615385]",72,140
lebron james,"[1.0, -0.015384615384615385]",73,141
lebron james,"[1.0, -0.015384615384615385]",74,142
lebron james,"[1.0, -0.015384615384615385]",75,143
lebron james,"[1.0, -0.015384615384615385]",76,144
lebron james,"[1.0, -0.015384615384615385]",77,145
lebron james,"[1.0, -0.015384615384615385]",78,146
lebron james,"[1.0, -0.015384615384615385]",79,147
lebron james,"[1.0, -0.015384615384615385]",80,148
lebron james,"[1.0, -0.015384615384615385]",81,149
lebron james,"[1.0, -0.015384615384615389]",82,150
lebron james,"[1.0, -0.015384615384615389]",83,151
lebron james,"[1.0, -0.015384615384615385]",84,152
lebron james,"[1.0, -0.015384615384615385]",85,153
lebron james,"[1.0, -0.015384615384615389]",86,154
lebron james,"[1.0, -0.015384615384615389]",87,155
lebron james,"[1.0, -0.015384615384615385]",88,156
lebron james,"[1.0, -0.015384615384615385]",89,157
lebron james,"[1.0, -0.015384615384615389]",90,158
lebron james,"[1.0, -0.015384615384615389]",91,159
lebron james,"[1.0, -0.015384615384615389]",92,160
lebron james,"[1.0, -0.015384615384615392]",93,161
lebron james,"[1.0, -0.015384615384615392]",94,162
lebron james,"[1.0, -0.015384615384615389]",95,163
lebron james,"[1.0, -0.015384615384615389]",96,164
lebron james,"[1.0, -0.015384615384615389]",97,165
lebron james,"[1.0, -0.015384615384615389]",98,166
lebron james,"[1.0, -0.015384615384615389]",99,167
lebron james,"[1.0, -0.015384615384615389]",100,168
ice,"[0.701729465267237, -0.021926450482675733]",70,138
ice,"[0.701729465267237, nan]",71,139
poachers,"[1.0, nan]",51,119
poachers,"[1.0, -0.015384615384615385]",52,120
poachers,"[1.0, -0.015384615384615385]",53,121
poachers,"[1.0, -0.015384615384615382]",54,122
poachers,"[1.0, -0.015384615384615382]",55,123
poachers,"[1.0, -0.015384615384615385]",56,124
poachers,"[1.0, -0.015384615384615385]",57,125
poachers,"[1.0, -0.015384615384615382]",58,126
poachers,"[1.0, -0.015384615384615382]",59,127
poachers,"[1.0, -0.015384615384615385]",60,128
poachers,"[1.0, -0.015384615384615385]",61,129
poachers,"[1.0, -0.015384615384615385]",62,130
poachers,"[1.0, -0.015384615384615385]",63,131
poachers,"[1.0, -0.015384615384615385]",64,132
poachers,"[1.0, -0.015384615384615385]",65,133
poachers,"[1.0, -0.015384615384615385]",66,134
poachers,"[1.0, -0.015384615384615385]",67,135
poachers,"[1.0, -0.015384615384615385]",68,136
poachers,"[1.0, -0.015384615384615385]",69,137
poachers,"[1.0, -0.015384615384615385]",70,138
poachers,"[1.0, -0.015384615384615385]",71,139
poachers,"[1.0, -0.015384615384615389]",72,140
poachers,"[1.0, -0.015384615384615389]",73,141
poachers,"[1.0, -0.015384615384615385]",74,142
poachers,"[1.0, -0.015384615384615385]",75,143
poachers,"[1.0, -0.015384615384615389]",76,144
poachers,"[1.0, -0.015384615384615389]",77,145
poachers,"[1.0, -0.015384615384615385]",78,146
poachers,"[1.0, -0.015384615384615385]",79,147
poachers,"[1.0, -0.015384615384615389]",80,148
poachers,"[1.0, -0.015384615384615389]",81,149
poachers,"[1.0, -0.015384615384615389]",82,150
poachers,"[1.0, -0.015384615384615392]",83,151
poachers,"[1.0, -0.015384615384615392]",84,152
poachers,"[1.0, -0.015384615384615389]",85,153
poachers,"[1.0, -0.015384615384615389]",86,154
poachers,"[1.0, -0.015384615384615389]",87,155
poachers,"[1.0, -0.015384615384615389]",88,156
poachers,"[1.0, -0.015384615384615389]",89,157
poachers,"[1.0, -0.015384615384615389]",90,158
poachers,"[1.0, -0.015384615384615389]",91,159
poachers,"[1.0, -0.015384615384615392]",92,160
poachers,"[1.0, -0.015384615384615392]",93,161
poachers,"[1.0, -0.015384615384615392]",94,162
poachers,"[1.0, -0.015384615384615392]",95,163
poachers,"[1.0, -0.015384615384615392]",96,164
poachers,"[1.0, -0.015384615384615392]",97,165
poachers,"[1.0, -0.015384615384615392]",98,166
poachers,"[1.0, -0.015384615384615392]",99,167
poachers,"[1.0, -0.015384615384615392]",100,168
nikolas cruz,"[0.7017294652672368, -0.021926450482675733]",0,68
nikolas cruz,"[0.7017294652672368, -0.021926450482675733]",1,69
nikolas cruz,"[0.7017294652672368, -0.021926450482675733]",2,70
nikolas cruz,"[0.7017294652672368, -0.021926450482675726]",3,71
nikolas cruz,"[0.7017294652672368, -0.021926450482675733]",4,72
nikolas cruz,"[0.7017294652672367, -0.021926450482675733]",5,73
nikolas cruz,"[0.7017294652672367, -0.02192645048267574]",6,74
nikolas cruz,"[0.7017294652672368, -0.021926450482675733]",7,75
nikolas cruz,"[0.7017294652672368, -0.021926450482675733]",8,76
nikolas cruz,"[0.7017294652672367, -0.021926450482675733]",9,77
nikolas cruz,"[0.7017294652672367, -0.021926450482675733]",10,78
nikolas cruz,"[0.7017294652672368, -0.021926450482675733]",11,79
nikolas cruz,"[0.7017294652672368, -0.021926450482675733]",12,80
jeff bezos,"[-0.021591675854376522, 0.7016464154456233]",0,68
jeff bezos,"[-0.021591675854376522, 0.7016464154456233]",1,69
jeff bezos,"[-0.02159167585437652, 0.7016464154456232]",2,70
jeff bezos,"[-0.021591675854376522, 0.7016464154456232]",3,71
jeff bezos,"[-0.026650089544451305, 0.7016464154456232]",4,72
jeff bezos,"[-0.026650089544451312, 0.568398560058805]",5,73
jeff bezos,"[-0.026650089544451312, 0.568398560058805]",6,74
jeff bezos,"[-0.026650089544451305, 0.568398560058805]",7,75
jeff bezos,"[-0.026650089544451305, 0.5683985600588051]",8,76
racism,"[-0.02159167585437652, 0.7016464154456233]",43,111
racism,"[-0.02159167585437652, 0.7016464154456232]",44,112
racism,"[-0.021591675854376522, 0.7016464154456233]",45,113
racism,"[-0.02159167585437652, 0.7016464154456232]",46,114
racism,"[-0.021591675854376522, 0.7016464154456233]",47,115
racism,"[-0.021591675854376522, 0.7016464154456232]",48,116
racism,"[-0.02159167585437652, 0.7016464154456233]",49,117
racism,"[-0.02159167585437652, 0.7016464154456232]",50,118
racism,"[-0.021591675854376522, 0.7016464154456232]",51,119
racism,"[-0.021591675854376522, 0.7016464154456232]",52,120
opec+,"[0.2633823590118762, 0.6216029173965384]",97,165
opec+,"[0.2633823590118762, 0.5622440938352589]",98,166
opec+,"[0.2633823590118762, 0.562244093835259]",99,167
opec+,"[0.2633823590118762, 0.5622440938352588]",100,168
hurricane ida,"[1.0, nan]",69,137
hurricane ida,"[1.0, -0.015384615384615385]",70,138
hurricane ida,"[1.0, -0.015384615384615385]",71,139
hurricane ida,"[1.0, -0.015384615384615382]",72,140
hurricane ida,"[1.0, -0.015384615384615382]",73,141
hurricane ida,"[1.0, -0.015384615384615382]",74,142
hurricane ida,"[1.0, -0.015384615384615385]",75,143
hurricane ida,"[1.0, -0.015384615384615382]",76,144
hurricane ida,"[1.0, -0.015384615384615382]",77,145
hurricane ida,"[1.0, -0.015384615384615382]",78,146
hurricane ida,"[1.0, -0.015384615384615385]",79,147
hurricane ida,"[1.0, -0.015384615384615382]",80,148
hurricane ida,"[1.0, -0.015384615384615385]",81,149
hurricane ida,"[1.0, -0.015384615384615385]",82,150
hurricane ida,"[1.0, -0.015384615384615385]",83,151
hurricane ida,"[1.0, -0.015384615384615382]",84,152
hurricane ida,"[1.0, -0.015384615384615385]",85,153
hurricane ida,"[1.0, -0.015384615384615385]",86,154
hurricane ida,"[1.0, -0.015384615384615385]",87,155
hurricane ida,"[1.0, -0.015384615384615385]",88,156
hurricane ida,"[1.0, -0.015384615384615385]",89,157
hurricane ida,"[1.0, -0.015384615384615385]",90,158
hurricane ida,"[1.0, -0.015384615384615385]",91,159
hurricane ida,"[1.0, -0.015384615384615385]",92,160
hurricane ida,"[1.0, -0.015384615384615385]",93,161
hurricane ida,"[1.0, -0.015384615384615385]",94,162
hurricane ida,"[1.0, -0.015384615384615385]",95,163
hurricane ida,"[1.0, -0.015384615384615385]",96,164
hurricane ida,"[1.0, -0.015384615384615385]",97,165
hurricane ida,"[1.0, -0.015384615384615385]",98,166
hurricane ida,"[1.0, -0.015384615384615385]",99,167
hurricane ida,"[1.0, -0.015384615384615382]",100,168
monkeypox,"[-0.021591675854376526, 0.7016464154456233]",89,157
monkeypox,"[0.3861068837006479, 0.5683985600588052]",90,158
obesity,"[-0.015151515151515152, 1.0]",46,114
obesity,"[-0.015151515151515152, 1.0]",47,115
obesity,"[-0.015151515151515154, 0.9999999999999999]",48,116
obesity,"[-0.015151515151515154, 0.9999999999999999]",49,117
obesity,"[-0.015151515151515154, 0.9999999999999999]",50,118
obesity,"[-0.015151515151515154, 1.0]",51,119
obesity,"[-0.015151515151515154, 0.9999999999999999]",52,120
obesity,"[-0.015151515151515154, 0.9999999999999999]",53,121
obesity,"[-0.015151515151515154, 0.9999999999999999]",54,122
obesity,"[-0.015151515151515154, 1.0]",55,123
obesity,"[-0.015151515151515154, 0.9999999999999999]",56,124
obesity,"[-0.015151515151515154, 1.0]",57,125
obesity,"[-0.015151515151515154, 1.0]",58,126
obesity,"[-0.015151515151515154, 1.0]",59,127
obesity,"[-0.015151515151515154, 0.9999999999999999]",60,128
obesity,"[-0.015151515151515154, 1.0]",61,129
obesity,"[-0.015151515151515154, 1.0]",62,130
obesity,"[-0.015151515151515154, 1.0]",63,131
obesity,"[-0.015151515151515154, 1.0]",64,132
obesity,"[-0.015151515151515154, 1.0]",65,133
obesity,"[-0.01515151515151516, 1.0]",66,134
obesity,"[-0.015151515151515154, 1.0]",67,135
obesity,"[-0.015151515151515154, 1.0]",68,136
obesity,"[-0.015151515151515154, 1.0]",69,137
obesity,"[-0.01515151515151516, 1.0]",70,138
obesity,"[-0.015151515151515154, 1.0]",71,139
obesity,"[-0.015151515151515154, 1.0]",72,140
obesity,"[-0.015151515151515154, 1.0]",73,141
obesity,"[-0.015151515151515154, 1.0]",74,142
obesity,"[-0.015151515151515154, 1.0]",75,143
obesity,"[-0.015151515151515154, 1.0]",76,144
obesity,"[-0.015151515151515154, 1.0]",77,145
obesity,"[-0.015151515151515154, 1.0]",78,146
obesity,"[-0.015151515151515154, 1.0]",79,147
obesity,"[-0.015151515151515157, 1.0]",80,148
obesity,"[-0.015151515151515157, 1.0]",81,149
obesity,"[-0.015151515151515154, 1.0]",82,150
obesity,"[-0.015151515151515157, 1.0]",83,151
obesity,"[-0.01515151515151516, 1.0]",84,152
obesity,"[-0.015151515151515157, 1.0]",85,153
obesity,"[-0.015151515151515154, 1.0]",86,154
obesity,"[-0.015151515151515157, 1.0]",87,155
obesity,"[-0.01515151515151516, 1.0]",88,156
obesity,"[-0.01515151515151516, 1.0]",89,157
obesity,"[-0.01515151515151516, 1.0]",90,158
obesity,"[-0.01515151515151516, 1.0]",91,159
obesity,"[-0.01515151515151516, 1.0]",92,160
obesity,"[-0.01515151515151516, 1.0]",93,161
obesity,"[-0.01515151515151516, 1.0]",94,162
obesity,"[-0.01515151515151516, 1.0]",95,163
obesity,"[-0.01515151515151516, 1.0]",96,164
obesity,"[-0.01515151515151516, 1.0]",97,165
obesity,"[-0.015151515151515157, 1.0]",98,166
obesity,"[-0.01515151515151516, 1.0]",99,167
obesity,"[-0.01515151515151516, 1.0]",100,168
conservatives,"[-0.02665008954445132, 0.5683985600588054]",0,68
conservatives,"[-0.02665008954445132, 0.5683985600588055]",1,69
conservatives,"[-0.026650089544451316, 0.5683985600588054]",2,70
conservatives,"[-0.026650089544451316, 0.5683985600588053]",3,71
conservatives,"[-0.026650089544451316, 0.5683985600588054]",4,72
conservatives,"[-0.026650089544451316, 0.5683985600588055]",5,73
conservatives,"[-0.02665008954445132, 0.5683985600588053]",6,74
conservatives,"[-0.026650089544451323, 0.5683985600588053]",7,75
conservatives,"[-0.026650089544451323, 0.5683985600588054]",8,76
conservatives,"[-0.026650089544451323, 0.5683985600588055]",9,77
ralph northam,"[1.0, nan]",7,75
ralph northam,"[0.701729465267237, -0.015384615384615382]",8,76
ralph northam,"[0.701729465267237, -0.021926450482675726]",9,77
ralph northam,"[0.7017294652672369, -0.02192645048267573]",10,78
ralph northam,"[0.7017294652672369, -0.021926450482675726]",11,79
ralph northam,"[0.7017294652672369, -0.021926450482675726]",12,80
ralph northam,"[0.7017294652672369, -0.02192645048267573]",13,81
ralph northam,"[0.7017294652672369, -0.021926450482675726]",14,82
ralph northam,"[0.7017294652672369, -0.021926450482675726]",15,83
ralph northam,"[0.7017294652672369, -0.021926450482675726]",16,84
ralph northam,"[0.7017294652672369, -0.021926450482675733]",17,85
ralph northam,"[0.7017294652672368, -0.021926450482675726]",18,86
ralph northam,"[0.7017294652672368, -0.021926450482675726]",19,87
ralph northam,"[0.7017294652672368, -0.021926450482675726]",20,88
ralph northam,"[0.7017294652672368, -0.021926450482675726]",21,89
ralph northam,"[0.7017294652672368, -0.021926450482675726]",22,90
ralph northam,"[0.7017294652672368, -0.021926450482675726]",23,91
ralph northam,"[0.7017294652672368, -0.021926450482675726]",24,92
ralph northam,"[0.7017294652672368, -0.021926450482675726]",25,93
ralph northam,"[0.7017294652672367, -0.021926450482675726]",26,94
ralph northam,"[0.7017294652672367, -0.021926450482675733]",27,95
ralph northam,"[0.7017294652672367, -0.021926450482675726]",28,96
ralph northam,"[0.7017294652672367, -0.021926450482675726]",29,97
ralph northam,"[0.7017294652672367, -0.021926450482675733]",30,98
ralph northam,"[0.7017294652672367, -0.021926450482675733]",31,99
ralph northam,"[0.7017294652672367, -0.02192645048267572]",32,100
ralph northam,"[0.7017294652672367, -0.021926450482675726]",33,101
ralph northam,"[0.7017294652672367, -0.021926450482675726]",34,102
ralph northam,"[0.7017294652672367, -0.021926450482675733]",35,103
ralph northam,"[0.7017294652672367, -0.02192645048267572]",36,104
ralph northam,"[0.7017294652672367, -0.021926450482675726]",37,105
ralph northam,"[0.7017294652672367, -0.021926450482675726]",38,106
ralph northam,"[0.7017294652672367, -0.021926450482675726]",39,107
ralph northam,"[0.7017294652672367, -0.02192645048267572]",40,108
ralph northam,"[0.7017294652672367, -0.021926450482675726]",41,109
ralph northam,"[0.7017294652672368, -0.021926450482675726]",42,110
ralph northam,"[0.7017294652672368, -0.021926450482675722]",43,111
ralph northam,"[0.7017294652672368, -0.02192645048267572]",44,112
ralph northam,"[0.7017294652672368, -0.021926450482675722]",45,113
ralph northam,"[0.7017294652672368, -0.02192645048267572]",46,114
ralph northam,"[0.7017294652672368, -0.02192645048267572]",47,115
ralph northam,"[0.7017294652672368, -0.021926450482675715]",48,116
ralph northam,"[0.7017294652672368, -0.021926450482675722]",49,117
ralph northam,"[0.7017294652672368, -0.02192645048267572]",50,118
ralph northam,"[0.7017294652672368, -0.02192645048267572]",51,119
ralph northam,"[0.7017294652672368, -0.021926450482675712]",52,120
ralph northam,"[0.7017294652672368, -0.021926450482675726]",53,121
ralph northam,"[0.7017294652672366, -0.02192645048267572]",54,122
ralph northam,"[0.7017294652672366, -0.02192645048267572]",55,123
ralph northam,"[0.7017294652672366, -0.021926450482675712]",56,124
ralph northam,"[0.7017294652672366, -0.021926450482675726]",57,125
ralph northam,"[0.7017294652672365, -0.021926450482675712]",58,126
ralph northam,"[0.7017294652672365, -0.021926450482675712]",59,127
ralph northam,"[0.7017294652672365, -0.021926450482675705]",60,128
ralph northam,"[0.7017294652672365, -0.021926450482675712]",61,129
ralph northam,"[0.7017294652672365, -0.021926450482675705]",62,130
ralph northam,"[0.7017294652672365, -0.021926450482675705]",63,131
ralph northam,"[0.7017294652672365, -0.021926450482675705]",64,132
ralph northam,"[0.7017294652672365, -0.021926450482675712]",65,133
ralph northam,"[0.7017294652672365, -0.021926450482675705]",66,134
ralph northam,"[0.7017294652672365, -0.021926450482675705]",67,135
ralph northam,"[0.7017294652672365, -0.021926450482675705]",68,136
ralph northam,"[0.7017294652672365, -0.021926450482675712]",69,137
ralph northam,"[0.7017294652672365, -0.021926450482675705]",70,138
ralph northam,"[0.7017294652672365, -0.021926450482675705]",71,139
ralph northam,"[0.7017294652672365, -0.021926450482675705]",72,140
ralph northam,"[0.7017294652672365, nan]",73,141
john durham,"[-0.021591675854376526, 0.7016464154456233]",96,164
john durham,"[-0.021591675854376526, 0.7016464154456233]",97,165
john durham,"[-0.021591675854376526, 0.7016464154456233]",98,166
john durham,"[-0.021591675854376522, 0.7016464154456233]",99,167
john durham,"[-0.021591675854376522, 0.7016464154456233]",100,168
sam bankman-fried,"[1.0, nan]",99,167
sam bankman-fried,"[0.701729465267237, -0.015384615384615385]",100,168
