hillary clinton,"[0.5711837032580411, 0.16413862848455701]",0,44
hillary clinton,"[0.5707199752528225, 0.19304063478780029]",1,45
hillary clinton,"[0.5775493856966967, 0.19914784159066554]",2,46
hillary clinton,"[0.5779054033764132, 0.20073052632082775]",3,47
hillary clinton,"[0.5782797515392412, 0.20231049214606694]",4,48
hillary clinton,"[0.581415920836547, 0.20772423923996627]",5,49
hillary clinton,"[0.5900921955027285, 0.2064264242735688]",6,50
hillary clinton,"[0.6782724618680861, 0.20782480537559506]",7,51
hillary clinton,"[0.679167127900085, 0.2108476017137669]",8,52
hillary clinton,"[0.680134291536977, 0.21386927847502935]",9,53
hillary clinton,"[0.681172368348951, 0.21689061092311418]",10,54
hillary clinton,"[0.6813588002152899, 0.238602137705823]",11,55
hillary clinton,"[0.6951388482847503, 0.27188609789036666]",12,56
hillary clinton,"[0.6381312565232666, 0.31440677184456867]",13,57
hillary clinton,"[0.668162761498455, 0.3362129646593965]",14,58
hillary clinton,"[0.6941967252076117, 0.3038993453592637]",15,59
hillary clinton,"[0.6825168717373871, 0.31893175590557316]",16,60
hillary clinton,"[0.7680915997392097, 0.24318697975199619]",17,61
hillary clinton,"[0.7564500902590419, 0.2948681362670689]",18,62
hillary clinton,"[0.8213206437558506, -0.046382796498134114]",19,63
joe biden,"[0.5253728734851983, 0.2008350911691609]",73,117
george floyd,"[1.0, nan]",63,107
taxpayers,"[0.5051869520151834, -0.06816773539365148]",83,127
taxpayers,"[0.5051869520151834, -0.0681677353936515]",84,128
taxpayers,"[0.5051869520151834, -0.06816773539365145]",85,129
taxpayers,"[0.5051869520151834, -0.06816773539365145]",86,130
taxpayers,"[0.5051869520151834, -0.06816773539365144]",87,131
taxpayers,"[0.5051869520151833, -0.06816773539365145]",88,132
taxpayers,"[0.5051869520151833, -0.06816773539365144]",89,133
taxpayers,"[0.6291140940445754, -0.06621754260581622]",102,146
taxpayers,"[0.6291140940445755, -0.06621754260581623]",103,147
taxpayers,"[0.6291140940445755, -0.06621754260581623]",104,148
taxpayers,"[0.6291140940445755, nan]",105,149
israel,"[-0.09739145163179626, 0.5]",94,138
iran,"[-0.052455431816390806, 0.5917302492585258]",63,107
iran,"[-0.052455431816390806, 0.5917302492585258]",64,108
iran,"[-0.04664214280169975, 0.6216372952367548]",65,109
iran,"[-0.04664214280169975, 0.6216372952367548]",66,110
iran,"[-0.04664214280169975, 0.6216372952367548]",67,111
iran,"[-0.04055002010470496, 0.6566709590259855]",68,112
iran,"[-0.04055002010470496, 0.6566709590259856]",69,113
iran,"[-0.04055002010470496, 0.6566709590259855]",70,114
iran,"[-0.034079908829549824, 0.6984302957695778]",71,115
iran,"[-0.034079908829549824, 0.6984302957695778]",72,116
iran,"[-0.034079908829549824, 0.6984302957695779]",73,117
iran,"[-0.034079908829549824, 0.6984302957695777]",74,118
iran,"[-0.034079908829549824, 0.6984302957695777]",75,119
iran,"[-0.034079908829549824, 0.6984302957695777]",76,120
iran,"[-0.034079908829549824, 0.6984302957695778]",77,121
iran,"[-0.034079908829549824, 0.6984302957695777]",78,122
iran,"[-0.034079908829549824, 0.6984302957695777]",79,123
iran,"[-0.034079908829549824, 0.6984302957695777]",80,124
barack obama,"[0.5634361698190109, -0.04331480818242103]",57,101
barack obama,"[0.5634361698190109, -0.04331480818242103]",58,102
barack obama,"[0.5634361698190109, -0.04331480818242103]",59,103
barack obama,"[0.5634361698190108, -0.04331480818242102]",60,104
woman,"[0.5634361698190108, -0.043314808182421026]",74,118
woman,"[0.5634361698190108, -0.034921514788478936]",75,119
china,"[0.5919970162135534, -0.05379365902350235]",104,148
china,"[0.5919970162135534, nan]",105,149
uk,"[0.6155303202796095, -0.04731602234073839]",32,76
uk,"[0.6865743204640418, -0.058688302728505455]",33,77
uk,"[0.5104864804287258, -0.0722158144674119]",34,78
uk,"[0.5104864804287259, 0.3113761843897638]",66,110
uk,"[0.5104864804287259, 0.3113761843897638]",67,111
uk,"[0.5104864804287259, 0.3113761843897638]",68,112
uk,"[0.5104864804287259, 0.4107919181288745]",69,113
uk,"[0.2484582575500551, 0.5531113842526028]",70,114
uk,"[0.2484582575500551, 0.5531113842526028]",71,115
uk,"[0.2484582575500551, 0.5531113842526028]",72,116
uk,"[0.24845825755005507, 0.5531113842526028]",73,117
uk,"[0.24845825755005507, 0.5531113842526028]",74,118
uk,"[0.24845825755005507, 0.8132836793622449]",75,119
uk,"[-0.0322524714403148, 0.8922674739082104]",76,120
students,"[0.5083256380785537, -0.09571679098757083]",0,44
students,"[0.5083256380785537, -0.08219949365267859]",1,45
students,"[0.1394408588291126, 0.6000768147487461]",31,75
students,"[-0.0645245224661102, 0.6290666547552538]",32,76
students,"[-0.0645245224661102, 0.6290666547552538]",33,77
students,"[-0.0645245224661102, 0.6290666547552538]",34,78
students,"[-0.0664719673704188, 0.5044412419130208]",60,104
students,"[-0.05679045886858406, 0.5531113842526031]",61,105
students,"[-0.05679045886858405, 0.5531113842526031]",62,106
environment,"[0.6986381310057719, nan]",79,123
environment,"[0.6986381310057719, -0.0349215147884789]",80,124
environment,"[0.6986381310057718, -0.0349215147884789]",81,125
environment,"[0.563436169819011, -0.04331480818242099]",82,126
environment,"[0.563436169819011, -0.043314808182421]",83,127
environment,"[0.563436169819011, -0.043314808182421005]",84,128
afghanistan,"[-0.060485837890913344, 0.5630925063714732]",13,57
afghanistan,"[-0.042257712736425854, 0.5630925063714732]",14,58
afghanistan,"[-0.042257712736425854, 0.5630925063714732]",15,59
afghanistan,"[-0.04941662111074011, 0.5630925063714732]",16,60
afghanistan,"[0.5950424045037079, 0.4107919181288746]",93,137
afghanistan,"[0.5023894202559394, 0.03135516014017041]",110,154
afghanistan,"[0.5023894202559392, 0.03135516014017041]",111,155
afghanistan,"[0.5023894202559392, 0.0313551601401704]",112,156
afghanistan,"[0.5023894202559392, 0.0313551601401704]",113,157
afghanistan,"[0.5023894202559394, 0.03135516014017041]",114,158
afghanistan,"[0.5023894202559392, 0.03135516014017041]",115,159
afghanistan,"[0.5023894202559392, 0.03135516014017041]",116,160
afghanistan,"[0.5023894202559392, 0.03135516014017041]",117,161
afghanistan,"[0.5023894202559394, 0.03135516014017041]",118,162
afghanistan,"[0.5023894202559395, 0.03135516014017042]",124,168
congress,"[-0.07500000000000004, 0.5891649892987397]",63,107
congress,"[-0.06048583789091341, 0.5891649892987397]",64,108
congress,"[-0.06048583789091343, 0.5891649892987395]",65,109
congress,"[-0.06048583789091343, 0.5891649892987396]",66,110
congress,"[-0.06048583789091343, 0.5891649892987395]",67,111
congress,"[-0.06048583789091341, 0.5891649892987395]",68,112
congress,"[-0.06048583789091343, 0.5891649892987395]",69,113
congress,"[-0.06048583789091343, 0.5891649892987396]",70,114
congress,"[-0.06048583789091343, 0.5891649892987395]",71,115
congress,"[-0.06845986232735528, 0.5891649892987395]",72,116
congress,"[-0.06048583789091338, 0.5891649892987395]",73,117
congress,"[-0.06048583789091336, 0.5891649892987395]",74,118
congress,"[-0.060485837890913385, 0.86629616364842]",75,119
congress,"[-0.04225771273642581, 0.86629616364842]",76,120
venezuelan people,"[-0.06469364618834567, 0.5891649892987395]",79,123
venezuelan people,"[-0.060485837890913385, 0.5891649892987396]",80,124
covid-19,"[0.475609756097561, 0.698430295769578]",61,105
lgbt community,"[-0.06048583789091344, 0.5630925063714733]",101,145
lgbt community,"[-0.04225771273642584, 0.5630925063714732]",102,146
lgbt community,"[-0.04225771273642585, 0.5630925063714733]",103,147
lgbt community,"[-0.04225771273642584, 0.5630925063714733]",104,148
india,"[0.663046666486284, -0.060270967450212196]",0,44
india,"[0.663046666486284, -0.06027096745021218]",1,45
india,"[0.663046666486284, -0.060270967450212196]",2,46
india,"[0.663046666486284, -0.060270967450212196]",3,47
india,"[0.663046666486284, -0.060270967450212196]",4,48
india,"[0.663046666486284, -0.060270967450212196]",5,49
india,"[0.663046666486284, -0.06027096745021218]",6,50
india,"[0.663046666486284, -0.05410017808004595]",7,51
india,"[0.7033799484533294, -0.05410017808004595]",8,52
india,"[0.7033799484533295, -0.05410017808004595]",9,53
india,"[0.7033799484533294, -0.05410017808004595]",10,54
india,"[0.7033799484533295, -0.04761041159293033]",11,55
india,"[0.7523255869767267, -0.04761041159293035]",12,56
india,"[0.7523255869767266, -0.04761041159293033]",13,57
india,"[0.7523255869767267, -0.04761041159293033]",14,58
india,"[0.7523255869767267, -0.04761041159293033]",15,59
india,"[0.7523255869767267, -0.04761041159293035]",16,60
india,"[0.7523255869767267, -0.04761041159293033]",17,61
india,"[0.7523255869767267, -0.04761041159293033]",18,62
india,"[0.5919970162135534, -0.04761041159293034]",19,63
cnn,"[0.5191832836785885, -0.09921309052433049]",0,44
cnn,"[0.5191832836785885, -0.09921309052433049]",1,45
cnn,"[0.5191832836785885, -0.09921309052433047]",2,46
cnn,"[0.5191832836785883, -0.09921309052433044]",3,47
immigrants,"[0.5537069739686943, -0.04066418396811223]",61,105
immigrants,"[0.563436169819011, -0.043314808182421005]",66,110
immigrants,"[0.6155303202796095, -0.047316022340738395]",71,115
immigrants,"[0.6155303202796094, -0.047316022340738395]",72,116
immigrants,"[0.6155303202796095, -0.04731602234073841]",73,117
man,"[-0.053050584506602515, 0.6456210404067079]",17,61
man,"[-0.04843752627904699, 0.6456210404067079]",18,62
man,"[-0.048437526279046975, 0.6456210404067079]",19,63
man,"[-0.06933135213979155, 0.6456210404067079]",20,64
man,"[-0.07593428150025251, 0.5616875979995273]",47,91
man,"[-0.06845986232735526, 0.5616875979995273]",48,92
man,"[-0.06845986232735526, 0.5891649892987397]",49,93
man,"[-0.0604858378909134, 0.5891649892987398]",50,94
man,"[-0.0604858378909134, 0.5891649892987396]",51,95
man,"[-0.0604858378909134, 0.5891649892987396]",52,96
man,"[-0.0604858378909134, 0.5891649892987396]",53,97
man,"[-0.0604858378909134, 0.5891649892987396]",54,98
man,"[-0.0604858378909134, 0.5891649892987398]",55,99
man,"[-0.0604858378909134, 0.5891649892987398]",56,100
man,"[-0.0604858378909134, 0.5891649892987398]",57,101
man,"[-0.0604858378909134, 0.5891649892987397]",58,102
california,"[0.5634361698190109, -0.04331480818242103]",60,104
california,"[0.5634361698190109, -0.04331480818242103]",61,105
california,"[0.5634361698190109, -0.04331480818242102]",62,106
california,"[0.6986381310057718, -0.03492151478847892]",63,107
california,"[0.6986381310057717, -0.03492151478847892]",64,108
california,"[0.6986381310057717, -0.03492151478847892]",65,109
california,"[0.6986381310057717, -0.03492151478847892]",66,110
california,"[0.6986381310057718, -0.03492151478847892]",67,111
california,"[0.6986381310057717, -0.03492151478847892]",68,112
california,"[0.6986381310057717, nan]",69,113
julian assange,"[-0.04225771273642582, 0.563092506371473]",35,79
julian assange,"[-0.04225771273642581, 0.563092506371473]",36,80
julian assange,"[0.5464284548871534, 0.3510547487497047]",39,83
julian assange,"[0.5464284548871533, 0.17604469755488258]",40,84
julian assange,"[0.5464284548871533, 0.17604469755488258]",41,85
julian assange,"[0.5464284548871532, 0.17604469755488258]",42,86
julian assange,"[0.5464284548871532, 0.17604469755488258]",43,87
julian assange,"[0.5464284548871531, 0.17604469755488264]",44,88
julian assange,"[0.5464284548871531, 0.17604469755488258]",45,89
julian assange,"[0.5464284548871531, 0.1760446975548826]",46,90
julian assange,"[0.546428454887153, 0.1760446975548826]",47,91
julian assange,"[0.546428454887153, 0.17604469755488267]",48,92
julian assange,"[0.5464284548871529, 0.17604469755488267]",49,93
julian assange,"[0.555893652997442, 0.18311486486199413]",50,94
julian assange,"[0.555893652997442, 0.18311486486199413]",51,95
julian assange,"[0.5558936529974419, 0.18311486486199413]",52,96
julian assange,"[0.5558936529974419, 0.18311486486199413]",53,97
julian assange,"[0.555893652997442, 0.18311486486199413]",54,98
julian assange,"[0.555893652997442, 0.18311486486199413]",55,99
julian assange,"[0.555893652997442, 0.18311486486199413]",56,100
julian assange,"[0.5558936529974419, 0.18311486486199413]",57,101
julian assange,"[0.555893652997442, 0.1831148648619941]",58,102
julian assange,"[0.5558936529974419, 0.1831148648619941]",59,103
julian assange,"[0.5558936529974419, 0.18311486486199416]",60,104
julian assange,"[0.5558936529974419, 0.1831148648619942]",61,105
julian assange,"[0.555893652997442, 0.1831148648619941]",62,106
julian assange,"[0.5558936529974419, 0.1831148648619941]",63,107
julian assange,"[0.5558936529974419, 0.18311486486199416]",64,108
julian assange,"[0.5558936529974419, 0.1831148648619942]",65,109
julian assange,"[0.5558936529974419, 0.1831148648619941]",66,110
julian assange,"[0.576506628861632, 0.0719971201727885]",78,122
julian assange,"[0.68151509781292, 0.10321535298059636]",79,123
julian assange,"[0.68151509781292, 0.10321535298059638]",80,124
julian assange,"[0.6986381310057719, -0.024390243902439032]",81,125
nancy pelosi,"[-0.03407990882954985, 0.698430295769578]",33,77
nancy pelosi,"[-0.03407990882954985, 0.6984302957695782]",34,78
jamal khashoggi,"[0.6986381310057719, 0.9999999999999999]",25,69
jamal khashoggi,"[0.5634361698190109, 0.6984302957695782]",26,70
jamal khashoggi,"[0.48974103189048007, 0.7629479354705708]",27,71
jamal khashoggi,"[0.48974103189048007, 0.7629479354705708]",28,72
jamal khashoggi,"[0.581578658446997, 0.6860502374404129]",29,73
jamal khashoggi,"[0.5815786584469971, 0.5807843292563287]",30,74
jamal khashoggi,"[0.5815786584469971, 0.5807843292563287]",31,75
jamal khashoggi,"[0.5083256380785536, 0.5807843292563287]",32,76
jamal khashoggi,"[0.5083256380785538, 0.5072989922341254]",33,77
jamal khashoggi,"[0.5083256380785537, 0.5072989922341254]",34,78
apple,"[0.6986381310057719, nan]",110,154
apple,"[0.6986381310057718, -0.034921514788478915]",122,166
apple,"[0.6986381310057718, -0.034921514788478915]",123,167
apple,"[0.6986381310057718, -0.034921514788478915]",124,168
australia,"[0.563436169819011, -0.04331480818242101]",1,45
australia,"[0.563436169819011, -0.04331480818242101]",2,46
australia,"[0.563436169819011, -0.04331480818242101]",3,47
australia,"[0.563436169819011, -0.04331480818242102]",4,48
australia,"[0.563436169819011, -0.04331480818242102]",5,49
australia,"[0.563436169819011, -0.043314808182421026]",6,50
australia,"[0.563436169819011, -0.03492151478847892]",7,51
australia,"[0.6986381310057719, -0.03492151478847892]",8,52
australia,"[0.6986381310057719, -0.03492151478847892]",9,53
australia,"[0.6986381310057719, -0.03492151478847892]",10,54
australia,"[0.6986381310057719, -0.03492151478847892]",11,55
australia,"[0.6986381310057719, -0.03492151478847892]",12,56
australia,"[0.6986381310057719, -0.03492151478847892]",13,57
australia,"[0.6986381310057718, -0.03492151478847892]",14,58
australia,"[0.6986381310057718, -0.03492151478847892]",15,59
australia,"[0.6986381310057718, -0.03492151478847892]",16,60
australia,"[0.6986381310057719, -0.03492151478847892]",17,61
australia,"[0.6986381310057718, -0.03492151478847892]",18,62
australia,"[0.6986381310057719, -0.03492151478847892]",19,63
australia,"[0.6986381310057717, -0.03492151478847892]",108,152
australia,"[0.6986381310057718, -0.03492151478847892]",109,153
australia,"[0.5634361698190108, -0.04331480818242102]",110,154
australia,"[0.5634361698190109, -0.04331480818242101]",111,155
australia,"[0.5634361698190108, -0.04331480818242102]",112,156
australia,"[0.5634361698190108, -0.04331480818242102]",113,157
australia,"[0.5634361698190108, -0.043314808182421026]",114,158
australia,"[0.5634361698190109, -0.04331480818242102]",115,159
australia,"[0.5634361698190108, -0.04331480818242102]",116,160
australia,"[0.5634361698190108, -0.03492151478847892]",117,161
women,"[-0.10256410256410253, 0.5399055247990167]",49,93
women,"[-0.08770580193070296, 0.5399055247990168]",50,94
women,"[-0.08770580193070296, 0.5399055247990167]",51,95
women,"[-0.07500000000000007, 0.6410256410256412]",52,96
women,"[-0.07500000000000008, 0.6410256410256411]",53,97
women,"[-0.07500000000000008, 0.6410256410256412]",54,98
women,"[-0.07500000000000008, 0.8062257748298548]",55,99
women,"[-0.060485837890913455, 0.8062257748298548]",56,100
women,"[-0.060485837890913344, 0.8062257748298548]",57,101
women,"[-0.060485837890913344, 0.8062257748298548]",58,102
women,"[-0.04878048780487804, 0.6984302957695778]",59,103
women,"[-0.03407990882954983, 0.6984302957695778]",60,104
women,"[-0.03407990882954983, 0.6984302957695779]",61,105
women,"[-0.034079908829549824, 0.6984302957695778]",62,106
women,"[-0.034079908829549824, 0.6984302957695777]",63,107
women,"[-0.034079908829549824, 0.6984302957695777]",64,108
women,"[-0.034079908829549824, 0.6984302957695779]",65,109
women,"[-0.03407990882954983, 0.6984302957695777]",66,110
women,"[-0.03407990882954983, 0.6984302957695777]",67,111
women,"[-0.03407990882954983, 0.6984302957695777]",68,112
twitter,"[0.6986381310057719, -0.02439024390243903]",110,154
twitter,"[0.5634361698190109, -0.0349215147884789]",111,155
twitter,"[0.563436169819011, -0.04331480818242099]",112,156
twitter,"[0.563436169819011, -0.043314808182421]",113,157
refugees,"[-0.04941662111074011, 0.563092506371473]",57,101
refugees,"[-0.04225771273642582, 0.563092506371473]",58,102
refugees,"[-0.04225771273642581, 0.6984302957695782]",59,103
refugees,"[-0.03407990882954981, 0.698430295769578]",60,104
refugees,"[-0.03407990882954981, 0.698430295769578]",61,105
refugees,"[-0.03407990882954981, 0.698430295769578]",62,106
police,"[0.563436169819011, -0.03492151478847891]",70,114
police,"[0.5634361698190109, -0.043314808182421005]",71,115
police,"[0.563436169819011, -0.043314808182421005]",72,116
police,"[-0.034079908829549824, 0.6984302957695778]",116,160
police,"[-0.034079908829549824, 0.6984302957695779]",117,161
police,"[-0.034079908829549824, 0.6984302957695778]",118,162
police,"[-0.034079908829549824, 0.6984302957695777]",119,163
police,"[-0.034079908829549824, 0.6984302957695777]",120,164
customers,"[0.563436169819011, -0.04331480818242101]",11,55
customers,"[0.563436169819011, -0.04331480818242101]",12,56
customers,"[0.5634361698190109, -0.04331480818242102]",13,57
customers,"[0.563436169819011, -0.04331480818242103]",14,58
customers,"[0.563436169819011, -0.034921514788478915]",15,59
customers,"[0.6986381310057719, -0.03492151478847893]",16,60
customers,"[0.6986381310057719, -0.034921514788478915]",17,61
customers,"[0.6986381310057719, -0.034921514788478915]",18,62
customers,"[0.6986381310057719, -0.034921514788478915]",19,63
customers,"[0.6986381310057719, -0.03492151478847893]",20,64
customers,"[0.6986381310057719, -0.03492151478847893]",21,65
customers,"[0.6986381310057718, -0.03492151478847892]",22,66
customers,"[0.6986381310057718, -0.03492151478847892]",23,67
customers,"[0.6986381310057718, -0.03492151478847892]",24,68
customers,"[0.6986381310057718, -0.03492151478847892]",25,69
customers,"[0.6986381310057718, -0.03492151478847892]",26,70
customers,"[0.6986381310057718, -0.03492151478847892]",27,71
customers,"[0.6986381310057718, -0.03492151478847892]",28,72
american taxpayers,"[-0.03407990882954985, 0.698430295769578]",37,81
american taxpayers,"[-0.04225771273642583, 0.698430295769578]",38,82
american taxpayers,"[-0.04225771273642584, 0.563092506371473]",39,83
american taxpayers,"[-0.04225771273642583, 0.563092506371473]",40,84
american taxpayers,"[-0.042257712736425854, 0.563092506371473]",41,85
american taxpayers,"[-0.04225771273642583, 0.563092506371473]",42,86
american taxpayers,"[-0.04225771273642585, 0.563092506371473]",43,87
american taxpayers,"[-0.04225771273642583, 0.563092506371473]",44,88
american taxpayers,"[-0.042257712736425854, 0.5630925063714731]",45,89
american taxpayers,"[-0.04225771273642584, 0.5630925063714731]",46,90
american taxpayers,"[-0.042257712736425854, 0.5630925063714731]",47,91
american taxpayers,"[-0.04225771273642584, 0.5630925063714731]",48,92
american taxpayers,"[-0.042257712736425854, 0.5630925063714731]",49,93
american taxpayers,"[-0.04225771273642585, 0.5630925063714731]",50,94
american taxpayers,"[-0.042257712736425854, 0.5630925063714731]",51,95
american taxpayers,"[-0.04225771273642585, 0.5630925063714731]",52,96
american taxpayers,"[-0.04225771273642586, 0.5630925063714731]",53,97
american taxpayers,"[-0.04225771273642585, 0.5630925063714731]",54,98
american taxpayers,"[-0.04225771273642586, 0.5630925063714732]",55,99
american taxpayers,"[-0.04225771273642585, 0.5630925063714732]",56,100
american taxpayers,"[-0.04225771273642585, 0.5630925063714732]",57,101
american taxpayers,"[-0.04225771273642585, 0.5630925063714732]",58,102
american taxpayers,"[-0.04225771273642585, 0.5630925063714732]",59,103
american taxpayers,"[-0.04225771273642585, 0.5630925063714732]",60,104
american taxpayers,"[-0.04941662111074011, 0.5630925063714732]",61,105
american taxpayers,"[-0.049416621110740105, 0.5630925063714735]",77,121
climate change,"[0.5634361698190108, -0.04331480818242103]",77,121
climate change,"[0.5634361698190108, -0.04331480818242102]",78,122
climate change,"[0.5634361698190109, -0.04331480818242102]",79,123
climate change,"[0.5634361698190108, -0.04331480818242102]",80,124
climate change,"[0.5634361698190108, -0.034921514788478915]",81,125
melania trump,"[0.6986381310057717, -0.034921514788478915]",22,66
melania trump,"[0.6986381310057717, -0.034921514788478915]",23,67
melania trump,"[0.5634361698190109, -0.034921514788478936]",24,68
melania trump,"[0.5634361698190109, -0.043314808182421026]",25,69
venezuela,"[-0.034079908829549824, 0.6984302957695777]",76,120
venezuela,"[-0.034079908829549824, 1.0]",77,121
venezuela,"[-0.023809523809523822, 1.0]",78,122
millennials,"[0.563436169819011, -0.04331480818242102]",23,67
millennials,"[0.563436169819011, -0.04331480818242102]",24,68
millennials,"[0.563436169819011, -0.04331480818242102]",25,69
millennials,"[0.563436169819011, -0.04331480818242103]",26,70
millennials,"[0.563436169819011, -0.04331480818242103]",27,71
millennials,"[0.563436169819011, -0.04331480818242103]",28,72
new york times,"[-0.034079908829549845, 0.6984302957695782]",0,44
new york times,"[-0.03407990882954984, 0.6984302957695782]",1,45
new york times,"[-0.03407990882954984, 0.698430295769578]",2,46
new york times,"[-0.048780487804878044, 0.698430295769578]",3,47
new york times,"[-0.04878048780487804, 0.698430295769578]",7,51
new york times,"[-0.03407990882954984, 0.6984302957695779]",8,52
new york times,"[-0.03407990882954983, 0.6984302957695779]",9,53
new york times,"[-0.034079908829549824, 0.6984302957695779]",10,54
new york times,"[-0.034079908829549824, 0.6984302957695779]",11,55
new york times,"[-0.03407990882954982, 0.6984302957695779]",12,56
new york times,"[-0.04225771273642583, 0.6984302957695779]",13,57
new york times,"[-0.042257712736425854, 0.5630925063714731]",14,58
new york times,"[-0.04225771273642584, 0.5630925063714731]",15,59
new york times,"[-0.049416621110740105, 0.5630925063714732]",16,60
new york times,"[-0.07581948818041918, 0.5756242555539939]",23,67
new york times,"[-0.07581948818041918, 0.5756242555539939]",24,68
new york times,"[-0.07581948818041921, 0.575624255553994]",25,69
new york times,"[-0.07581948818041921, 0.575624255553994]",26,70
new york times,"[-0.07581948818041918, 0.575624255553994]",27,71
new york times,"[-0.07581948818041918, 0.5756242555539939]",28,72
new york times,"[-0.07581948818041921, 0.575624255553994]",29,73
new york times,"[-0.07581948818041921, 0.5756242555539939]",30,74
new york times,"[-0.07581948818041918, 0.5756242555539939]",31,75
new york times,"[-0.07581948818041921, 0.5756242555539938]",32,76
new york times,"[-0.07581948818041921, 0.575624255553994]",33,77
new york times,"[-0.07581948818041921, 0.5756242555539939]",34,78
new york times,"[-0.07581948818041918, 0.5756242555539939]",35,79
new york times,"[-0.07581948818041918, 0.5756242555539938]",36,80
new york times,"[-0.07581948818041918, 0.5756242555539939]",37,81
new york times,"[-0.07581948818041918, 0.5756242555539939]",38,82
new york times,"[-0.07581948818041918, 0.5756242555539939]",39,83
new york times,"[-0.04225771273642585, 0.5630925063714735]",46,90
new york times,"[-0.04225771273642586, 0.5630925063714735]",47,91
new york times,"[-0.04225771273642585, 0.5630925063714735]",48,92
new york times,"[-0.04225771273642585, 0.5630925063714735]",49,93
new york times,"[-0.04225771273642585, 0.5630925063714735]",50,94
new york times,"[-0.04225771273642586, 0.5630925063714735]",51,95
new york times,"[-0.04225771273642585, 0.5630925063714735]",52,96
new york times,"[-0.04225771273642586, 0.5630925063714735]",53,97
new york times,"[-0.04225771273642585, 0.5630925063714735]",54,98
new york times,"[-0.04225771273642586, 0.5630925063714735]",55,99
new york times,"[-0.034079908829549824, 0.6984302957695778]",56,100
new york times,"[-0.034079908829549824, 0.6984302957695778]",57,101
new york times,"[-0.034079908829549824, 0.6984302957695777]",58,102
new york times,"[-0.023809523809523822, 1.0]",59,103
new york times,"[-0.023809523809523822, 1.0]",60,104
new york times,"[-0.03407990882954985, 1.0]",61,105
new york times,"[-0.03407990882954985, 0.6984302957695778]",62,106
new york times,"[-0.034079908829549845, 0.6984302957695778]",63,107
new york times,"[-0.034079908829549845, 0.6984302957695778]",64,108
european union,"[0.8133575908796074, -0.04066418396811226]",0,44
european union,"[0.8133575908796075, -0.04066418396811226]",1,45
european union,"[0.8133575908796074, -0.04066418396811226]",2,46
european union,"[0.8133575908796074, -0.04066418396811227]",3,47
european union,"[0.8133575908796074, -0.040664183968112264]",4,48
european union,"[0.8133575908796075, -0.040664183968112264]",5,49
european union,"[0.8133575908796074, -0.040664183968112264]",6,50
european union,"[0.8133575908796072, -0.04066418396811227]",7,51
european union,"[0.8923183765153758, -0.03304694347808186]",8,52
european union,"[0.8923183765153759, -0.03304694347808186]",9,53
european union,"[0.8923183765153758, -0.03304694347808186]",10,54
european union,"[0.8923183765153758, nan]",11,55
investors,"[0.9999999999999998, nan]",77,121
investors,"[0.9999999999999998, -0.02439024390243903]",78,122
investors,"[0.9999999999999998, -0.024390243902439036]",79,123
investors,"[0.9999999999999998, -0.02439024390243904]",80,124
investors,"[1.0, -0.02439024390243904]",81,125
investors,"[0.9999999999999997, -0.02439024390243904]",82,126
investors,"[0.9999999999999997, -0.02439024390243904]",83,127
investors,"[0.9999999999999997, -0.02439024390243904]",84,128
investors,"[0.9999999999999999, -0.02439024390243904]",85,129
investors,"[0.9999999999999997, -0.02439024390243904]",86,130
investors,"[0.9999999999999997, -0.024390243902439043]",87,131
investors,"[0.9999999999999997, -0.024390243902439046]",88,132
investors,"[0.9999999999999997, -0.024390243902439046]",89,133
investors,"[0.9999999999999997, -0.024390243902439046]",90,134
investors,"[0.9999999999999997, -0.024390243902439046]",91,135
investors,"[0.9999999999999997, -0.024390243902439046]",92,136
investors,"[0.9999999999999997, -0.024390243902439046]",93,137
investors,"[0.6986381310057719, -0.034921514788478915]",94,138
investors,"[0.6986381310057719, -0.034921514788478915]",95,139
investors,"[0.6986381310057718, -0.034921514788478915]",96,140
investors,"[0.6986381310057718, -0.034921514788478915]",97,141
investors,"[0.6986381310057718, -0.034921514788478915]",98,142
investors,"[0.6986381310057718, -0.034921514788478915]",99,143
investors,"[0.6986381310057718, -0.034921514788478915]",100,144
investors,"[0.6986381310057718, -0.034921514788478915]",101,145
investors,"[0.6986381310057718, -0.034921514788478915]",102,146
investors,"[0.6986381310057718, -0.03492151478847892]",103,147
investors,"[0.6986381310057718, -0.03492151478847893]",104,148
investors,"[0.6986381310057717, -0.03492151478847892]",105,149
investors,"[0.6986381310057717, -0.03492151478847892]",106,150
investors,"[0.6986381310057717, -0.03492151478847892]",107,151
investors,"[0.6986381310057715, -0.03492151478847893]",108,152
investors,"[0.6986381310057717, -0.03492151478847892]",109,153
investors,"[0.6986381310057715, -0.03492151478847892]",110,154
investors,"[0.6986381310057717, -0.03492151478847892]",111,155
investors,"[0.6986381310057717, -0.03492151478847893]",112,156
investors,"[0.6986381310057717, -0.03492151478847892]",113,157
investors,"[0.6986381310057715, -0.03492151478847892]",114,158
investors,"[0.6986381310057717, -0.03492151478847892]",115,159
investors,"[0.6986381310057717, -0.03492151478847893]",116,160
investors,"[0.6986381310057717, -0.03492151478847892]",117,161
investors,"[0.6986381310057715, -0.03492151478847892]",118,162
investors,"[0.6986381310057717, -0.024390243902439046]",119,163
voters,"[-0.034079908829549824, 0.6984302957695778]",8,52
voters,"[-0.034079908829549824, 0.6984302957695779]",9,53
voters,"[-0.034079908829549824, 0.6984302957695778]",10,54
voters,"[-0.034079908829549824, 0.6984302957695777]",11,55
voters,"[-0.034079908829549824, 0.6984302957695777]",12,56
voters,"[-0.04225771273642583, 0.5630925063714733]",13,57
voters,"[-0.04225771273642584, 0.5630925063714733]",14,58
theresa may,"[-0.03645074021998777, 0.698430295769578]",65,109
theresa may,"[-0.03407990882954981, 0.6984302957695779]",66,110
theresa may,"[-0.03407990882954981, 0.6984302957695779]",67,111
theresa may,"[-0.03407990882954981, 0.698430295769578]",68,112
theresa may,"[-0.03407990882954981, 1.0]",69,113
theresa may,"[-0.023809523809523822, 1.0]",70,114
theresa may,"[-0.023809523809523822, 1.0]",71,115
theresa may,"[-0.023809523809523822, 1.0]",72,116
theresa may,"[-0.023809523809523822, 1.0]",73,117
theresa may,"[-0.023809523809523822, 1.0]",74,118
theresa may,"[-0.023809523809523822, 1.0]",75,119
theresa may,"[-0.023809523809523822, 1.0]",76,120
theresa may,"[-0.023809523809523822, 1.0]",77,121
theresa may,"[-0.023809523809523822, 1.0]",78,122
theresa may,"[-0.023809523809523822, 1.0]",79,123
theresa may,"[-0.023809523809523822, 1.0]",80,124
breonna taylor,"[0.5174899464000365, 0.5168113941217015]",109,153
breonna taylor,"[0.5174899464000365, 0.5168113941217015]",110,154
breonna taylor,"[0.5174899464000365, 0.5168113941217015]",111,155
breonna taylor,"[0.6504065040650402, -0.04999999999999995]",112,156
community,"[-0.04878048780487803, 0.6984302957695779]",31,75
community,"[-0.03407990882954981, 0.6984302957695779]",32,76
community,"[-0.03407990882954981, 0.6984302957695779]",33,77
community,"[-0.03407990882954981, 0.6984302957695779]",34,78
community,"[-0.03407990882954981, 0.6984302957695779]",35,79
community,"[-0.03407990882954981, 0.6984302957695779]",36,80
community,"[-0.03407990882954981, 0.6984302957695779]",37,81
community,"[-0.03407990882954981, 0.6984302957695779]",38,82
community,"[-0.03407990882954981, 0.6984302957695779]",39,83
community,"[-0.03407990882954981, 0.6984302957695779]",40,84
community,"[-0.03407990882954981, 0.6984302957695779]",41,85
community,"[-0.03407990882954982, 0.6984302957695779]",42,86
community,"[-0.03407990882954981, 0.6984302957695779]",43,87
community,"[-0.03407990882954982, 0.6984302957695778]",44,88
community,"[-0.034079908829549824, 0.6984302957695778]",45,89
community,"[-0.034079908829549824, 0.6984302957695778]",46,90
community,"[-0.034079908829549824, 0.6984302957695779]",47,91
community,"[-0.034079908829549824, 0.6984302957695777]",48,92
community,"[-0.034079908829549824, 0.6984302957695777]",49,93
community,"[-0.034079908829549824, 0.6984302957695778]",50,94
community,"[-0.034079908829549824, 0.6984302957695778]",51,95
community,"[-0.034079908829549824, 0.6984302957695777]",52,96
community,"[-0.034079908829549824, 0.6984302957695777]",53,97
community,"[-0.023809523809523822, 1.0]",54,98
community,"[-0.023809523809523822, 1.0]",55,99
community,"[-0.023809523809523822, 1.0]",56,100
community,"[-0.023809523809523822, 1.0]",57,101
community,"[-0.023809523809523822, 1.0]",58,102
british people,"[0.9479494899860214, 0.29525753230690877]",0,44
british people,"[0.9479494899860215, 0.29525753230690877]",1,45
british people,"[0.9039783574556969, 0.29525753230690877]",2,46
british people,"[0.9039783574556969, 0.27641975469132707]",3,47
british people,"[0.9039783574556969, 0.276419754691327]",4,48
british people,"[0.903978357455697, 0.276419754691327]",5,49
british people,"[0.9039783574556969, 0.276419754691327]",6,50
british people,"[0.9039783574556969, 0.27641975469132707]",7,51
british people,"[0.9039783574556969, 0.276419754691327]",8,52
british people,"[0.903978357455697, 0.276419754691327]",9,53
british people,"[0.9039783574556969, 0.276419754691327]",10,54
british people,"[0.9479494899860212, nan]",11,55
brazil,"[-0.03407990882954982, 0.6984302957695778]",8,52
brazil,"[-0.034079908829549824, 0.6984302957695778]",9,53
brazil,"[-0.03407990882954981, 0.6984302957695778]",10,54
brazil,"[-0.034079908829549824, 0.6984302957695779]",11,55
brazil,"[-0.03407990882954981, 0.6984302957695778]",12,56
brazil,"[-0.034079908829549824, 0.6984302957695778]",13,57
brazil,"[-0.04878048780487804, 0.6984302957695778]",14,58
parents,"[0.6986381310057719, -0.02439024390243903]",87,131
parents,"[0.6986381310057719, -0.0349215147884789]",88,132
parents,"[0.6986381310057718, -0.03492151478847891]",89,133
parents,"[0.6986381310057718, -0.03492151478847891]",90,134
parents,"[0.6986381310057719, -0.03492151478847891]",91,135
parents,"[0.6986381310057718, -0.034921514788478915]",92,136
libya,"[-0.04225771273642584, 0.5630925063714733]",0,44
catholic church,"[0.5634361698190108, -0.04331480818242103]",0,44
catholic church,"[0.5634361698190108, -0.04331480818242102]",1,45
catholic church,"[0.5634361698190109, -0.043314808182421026]",2,46
catholic church,"[0.5634361698190108, -0.043314808182421026]",3,47
catholic church,"[0.5634361698190108, -0.04331480818242103]",4,48
catholic church,"[0.5634361698190108, -0.043314808182421026]",5,49
catholic church,"[0.5634361698190109, -0.043314808182421026]",6,50
catholic church,"[0.5634361698190108, -0.043314808182421026]",7,51
catholic church,"[0.5634361698190108, nan]",8,52
hong kong,"[0.9999999999999998, nan]",63,107
hong kong,"[0.9999999999999998, -0.02439024390243903]",64,108
daca recipients,"[0.9039783574556967, -0.037354020904233357]",0,44
daca recipients,"[0.9039783574556965, -0.03735402090423336]",1,45
daca recipients,"[0.9039783574556967, -0.03735402090423336]",2,46
daca recipients,"[0.9039783574556965, -0.03735402090423337]",3,47
daca recipients,"[0.9039783574556968, -0.03735402090423337]",4,48
daca recipients,"[0.9039783574556967, -0.03735402090423338]",5,49
daca recipients,"[0.8662831110967293, -0.03735402090423338]",6,50
daca recipients,"[0.8662831110967293, -0.04331480818242102]",7,51
daca recipients,"[0.8662831110967291, -0.04331480818242102]",8,52
daca recipients,"[0.8662831110967292, -0.043314808182421026]",9,53
daca recipients,"[0.8662831110967291, -0.043314808182421026]",10,54
daca recipients,"[0.8662831110967292, -0.043314808182421026]",11,55
daca recipients,"[0.866283111096729, -0.043314808182421026]",12,56
daca recipients,"[0.8662831110967292, -0.043314808182421026]",13,57
daca recipients,"[0.8662831110967291, -0.043314808182421026]",14,58
daca recipients,"[0.8662831110967292, -0.043314808182421026]",15,59
daca recipients,"[0.866283111096729, -0.04331480818242102]",16,60
daca recipients,"[0.8662831110967291, -0.04331480818242102]",17,61
daca recipients,"[0.866283111096729, -0.04331480818242102]",18,62
daca recipients,"[0.8662831110967291, -0.04331480818242102]",19,63
daca recipients,"[0.866283111096729, -0.04331480818242102]",20,64
daca recipients,"[0.8662831110967291, -0.04331480818242102]",21,65
daca recipients,"[0.866283111096729, -0.04331480818242102]",22,66
daca recipients,"[0.9039783574556971, -0.037354020904233384]",23,67
daca recipients,"[0.9039783574556972, -0.0373540209042334]",24,68
daca recipients,"[0.903978357455697, -0.037354020904233384]",25,69
daca recipients,"[0.903978357455697, -0.037354020904233384]",26,70
daca recipients,"[0.903978357455697, -0.037354020904233384]",27,71
daca recipients,"[0.9039783574556971, -0.03735402090423339]",28,72
daca recipients,"[0.903978357455697, -0.037354020904233384]",29,73
daca recipients,"[0.9039783574556971, -0.037354020904233384]",30,74
daca recipients,"[0.903978357455697, -0.037354020904233384]",31,75
daca recipients,"[0.903978357455697, -0.037354020904233384]",32,76
daca recipients,"[0.6208705041527008, -0.05348281873006976]",33,77
daca recipients,"[0.6208705041527008, -0.05348281873006976]",34,78
daca recipients,"[0.6208705041527008, -0.05348281873006977]",35,79
daca recipients,"[0.6208705041527008, -0.05348281873006977]",36,80
daca recipients,"[0.6208705041527008, -0.05348281873006977]",37,81
daca recipients,"[0.6208705041527008, -0.05348281873006977]",38,82
daca recipients,"[0.6208705041527008, -0.05348281873006977]",39,83
daca recipients,"[0.6208705041527008, -0.03735402090423337]",40,84
economy,"[-0.03407990882954986, 0.698430295769578]",91,135
economy,"[-0.03407990882954985, 0.6984302957695782]",92,136
economy,"[-0.03407990882954985, 0.6984302957695782]",93,137
economy,"[-0.048780487804878044, 0.6984302957695782]",94,138
economy,"[-0.06048583789091343, 0.5630925063714732]",117,161
economy,"[-0.04225771273642585, 0.5630925063714732]",118,162
economy,"[-0.04225771273642585, 0.5630925063714732]",119,163
economy,"[-0.04225771273642585, 0.5630925063714732]",120,164
economy,"[-0.04225771273642585, 0.5630925063714732]",121,165
economy,"[-0.04225771273642584, 0.5630925063714733]",122,166
economy,"[-0.04225771273642585, 0.5630925063714732]",123,167
economy,"[-0.04225771273642584, 0.5630925063714733]",124,168
boris johnson,"[0.6986381310057719, -0.034921514788478915]",0,44
boris johnson,"[0.6986381310057719, -0.034921514788478915]",1,45
boris johnson,"[0.6986381310057719, -0.034921514788478915]",2,46
boris johnson,"[0.6986381310057719, -0.034921514788478915]",3,47
boris johnson,"[0.6986381310057719, -0.034921514788478915]",4,48
boris johnson,"[0.6986381310057719, -0.034921514788478915]",5,49
boris johnson,"[0.6986381310057719, -0.034921514788478915]",6,50
boris johnson,"[0.6986381310057719, -0.034921514788478915]",7,51
boris johnson,"[0.6986381310057719, -0.034921514788478915]",8,52
boris johnson,"[0.6986381310057719, -0.034921514788478915]",9,53
boris johnson,"[0.6986381310057719, -0.034921514788478915]",10,54
boris johnson,"[0.563436169819011, nan]",11,55
twitter users,"[0.9999999999999998, nan]",82,126
twitter users,"[0.9999999999999998, -0.02439024390243903]",83,127
twitter users,"[0.9999999999999998, -0.024390243902439036]",84,128
twitter users,"[0.9999999999999998, -0.02439024390243904]",85,129
twitter users,"[1.0, -0.02439024390243904]",86,130
twitter users,"[0.9999999999999997, -0.02439024390243904]",87,131
twitter users,"[0.9999999999999997, -0.02439024390243904]",88,132
twitter users,"[0.9999999999999997, -0.02439024390243904]",89,133
twitter users,"[0.9999999999999999, -0.02439024390243904]",90,134
twitter users,"[0.9999999999999997, -0.02439024390243904]",91,135
twitter users,"[0.9999999999999997, -0.024390243902439043]",92,136
twitter users,"[0.9999999999999997, -0.024390243902439046]",93,137
twitter users,"[0.9999999999999997, -0.024390243902439046]",94,138
twitter users,"[0.9999999999999997, -0.024390243902439046]",95,139
twitter users,"[0.9999999999999997, -0.024390243902439046]",96,140
twitter users,"[0.9999999999999997, -0.024390243902439046]",97,141
twitter users,"[0.9999999999999997, -0.024390243902439046]",98,142
twitter users,"[0.9999999999999997, -0.024390243902439046]",99,143
twitter users,"[0.9999999999999997, -0.024390243902439043]",100,144
twitter users,"[0.9999999999999997, -0.02439024390243904]",101,145
twitter users,"[0.9999999999999997, -0.02439024390243904]",102,146
twitter users,"[0.9999999999999997, -0.02439024390243904]",103,147
twitter users,"[0.9999999999999997, -0.02439024390243904]",104,148
twitter users,"[0.9999999999999997, -0.02439024390243904]",105,149
twitter users,"[0.9999999999999997, -0.02439024390243904]",106,150
twitter users,"[0.9999999999999997, -0.02439024390243904]",107,151
twitter users,"[0.9999999999999997, -0.024390243902439046]",108,152
twitter users,"[0.9999999999999996, -0.024390243902439046]",109,153
twitter users,"[0.9999999999999996, -0.02439024390243904]",110,154
twitter users,"[0.9999999999999996, -0.02439024390243904]",111,155
twitter users,"[0.9999999999999996, -0.024390243902439046]",112,156
twitter users,"[0.9999999999999993, -0.024390243902439046]",113,157
twitter users,"[0.9999999999999996, -0.02439024390243904]",114,158
twitter users,"[0.9999999999999993, -0.02439024390243904]",115,159
twitter users,"[0.9999999999999993, -0.024390243902439046]",116,160
twitter users,"[0.9999999999999993, -0.024390243902439046]",117,161
twitter users,"[0.9999999999999996, -0.02439024390243904]",118,162
twitter users,"[0.9999999999999993, -0.02439024390243904]",119,163
twitter users,"[0.9999999999999993, -0.024390243902439046]",120,164
twitter users,"[0.6986381310057717, -0.024390243902439046]",121,165
twitter users,"[0.6986381310057718, -0.03492151478847892]",122,166
twitter users,"[0.6986381310057717, -0.03492151478847892]",123,167
twitter users,"[0.5634361698190108, nan]",124,168
ivanka trump,"[0.6986381310057717, 0.6984302957695777]",53,97
ivanka trump,"[0.6986381310057717, 0.6984302957695778]",54,98
ivanka trump,"[0.6986381310057718, 0.6984302957695777]",55,99
ivanka trump,"[0.6986381310057717, 0.6984302957695777]",56,100
ivanka trump,"[0.6986381310057717, 1.0]",57,101
tucker carlson,"[-0.03407990882954985, 0.698430295769578]",83,127
tucker carlson,"[-0.023809523809523815, 0.9999999999999999]",84,128
tucker carlson,"[-0.023809523809523815, 1.0]",85,129
tucker carlson,"[-0.02380952380952382, 1.0]",86,130
tucker carlson,"[-0.02380952380952382, 1.0]",87,131
tucker carlson,"[-0.023809523809523815, 1.0]",88,132
tucker carlson,"[-0.03407990882954985, 1.0]",89,133
tucker carlson,"[-0.04225771273642582, 0.698430295769578]",90,134
tucker carlson,"[-0.046439851047946075, 0.563092506371473]",91,135
russian citizens,"[0.9999999999999998, nan]",65,109
russian citizens,"[0.9999999999999998, -0.02439024390243903]",66,110
russian citizens,"[0.9999999999999998, -0.024390243902439036]",67,111
russian citizens,"[0.9999999999999998, -0.02439024390243904]",68,112
russian citizens,"[1.0, -0.02439024390243904]",69,113
russian citizens,"[0.9999999999999997, -0.02439024390243904]",70,114
russian citizens,"[0.9999999999999997, -0.02439024390243904]",71,115
russian citizens,"[0.9999999999999997, -0.02439024390243904]",72,116
russian citizens,"[0.9999999999999999, -0.02439024390243904]",73,117
russian citizens,"[0.9999999999999997, -0.02439024390243904]",74,118
russian citizens,"[0.9999999999999997, -0.024390243902439043]",75,119
russian citizens,"[0.9999999999999997, -0.024390243902439046]",76,120
russian citizens,"[0.9999999999999997, -0.024390243902439046]",77,121
russian citizens,"[0.9999999999999997, -0.024390243902439046]",78,122
russian citizens,"[0.9999999999999997, -0.024390243902439046]",79,123
russian citizens,"[0.9999999999999997, -0.024390243902439046]",80,124
russian citizens,"[0.9999999999999997, -0.024390243902439046]",81,125
russian citizens,"[0.9999999999999997, -0.024390243902439046]",82,126
russian citizens,"[0.9999999999999997, -0.024390243902439043]",83,127
russian citizens,"[0.9999999999999997, -0.02439024390243904]",84,128
russian citizens,"[0.9999999999999997, -0.02439024390243904]",85,129
russian citizens,"[0.9999999999999997, -0.02439024390243904]",86,130
russian citizens,"[0.9999999999999997, -0.02439024390243904]",87,131
russian citizens,"[0.9999999999999997, -0.02439024390243904]",88,132
russian citizens,"[0.9999999999999997, -0.02439024390243904]",89,133
russian citizens,"[0.9999999999999997, -0.02439024390243904]",90,134
russian citizens,"[0.9999999999999997, -0.024390243902439046]",91,135
russian citizens,"[0.9999999999999996, -0.024390243902439046]",92,136
russian citizens,"[0.9999999999999996, -0.02439024390243904]",93,137
russian citizens,"[0.9999999999999996, -0.02439024390243904]",94,138
russian citizens,"[0.9999999999999996, -0.024390243902439046]",95,139
russian citizens,"[0.9999999999999993, -0.024390243902439046]",96,140
russian citizens,"[0.9999999999999996, -0.02439024390243904]",97,141
russian citizens,"[0.9999999999999993, -0.02439024390243904]",98,142
russian citizens,"[0.9999999999999993, -0.024390243902439046]",99,143
russian citizens,"[0.9999999999999993, -0.024390243902439046]",100,144
russian citizens,"[0.9999999999999996, -0.02439024390243904]",101,145
russian citizens,"[0.9999999999999993, -0.02439024390243904]",102,146
russian citizens,"[0.9999999999999993, -0.024390243902439046]",103,147
russian citizens,"[0.9999999999999993, -0.024390243902439046]",104,148
russian citizens,"[0.9999999999999996, -0.02439024390243904]",105,149
russian citizens,"[0.9999999999999993, -0.02439024390243904]",106,150
russian citizens,"[0.9999999999999993, nan]",107,151
17-year-old girl,"[-0.03407990882954985, 0.698430295769578]",7,51
17-year-old girl,"[-0.03407990882954985, 0.698430295769578]",8,52
17-year-old girl,"[-0.034079908829549845, 0.6984302957695782]",9,53
17-year-old girl,"[-0.03407990882954984, 0.6984302957695782]",10,54
17-year-old girl,"[-0.04225771273642581, 0.563092506371473]",11,55
17-year-old girl,"[-0.042257712736425826, 0.563092506371473]",12,56
17-year-old girl,"[-0.042257712736425826, 0.563092506371473]",13,57
17-year-old girl,"[-0.042257712736425854, 0.563092506371473]",14,58
17-year-old girl,"[-0.04225771273642583, 0.5630925063714731]",15,59
17-year-old girl,"[-0.04225771273642585, 0.5630925063714731]",16,60
17-year-old girl,"[-0.04225771273642584, 0.5630925063714731]",17,61
17-year-old girl,"[-0.04225771273642586, 0.5630925063714731]",18,62
17-year-old girl,"[-0.04225771273642584, 0.5630925063714731]",19,63
17-year-old girl,"[-0.04225771273642586, 0.5630925063714731]",20,64
17-year-old girl,"[-0.04225771273642584, 0.5630925063714731]",21,65
17-year-old girl,"[-0.042257712736425854, 0.5630925063714731]",22,66
17-year-old girl,"[-0.04225771273642585, 0.5630925063714731]",23,67
17-year-old girl,"[-0.042257712736425854, 0.5630925063714731]",24,68
17-year-old girl,"[-0.04225771273642585, 0.5630925063714732]",25,69
17-year-old girl,"[-0.042257712736425854, 0.5630925063714732]",26,70
17-year-old girl,"[-0.04225771273642585, 0.5630925063714732]",27,71
17-year-old girl,"[-0.042257712736425854, 0.5630925063714732]",28,72
17-year-old girl,"[-0.04225771273642585, 0.5630925063714732]",29,73
17-year-old girl,"[-0.04225771273642585, 0.5630925063714732]",30,74
17-year-old girl,"[-0.04225771273642585, 0.5630925063714732]",31,75
17-year-old girl,"[-0.04225771273642585, 0.5630925063714732]",32,76
17-year-old girl,"[-0.04225771273642585, 0.5630925063714732]",33,77
17-year-old girl,"[-0.04225771273642585, 0.5630925063714732]",34,78
17-year-old girl,"[-0.04225771273642585, 0.5630925063714732]",35,79
17-year-old girl,"[-0.04225771273642585, 0.5630925063714733]",36,80
17-year-old girl,"[-0.04225771273642584, 0.5630925063714733]",37,81
17-year-old girl,"[-0.04225771273642585, 0.5630925063714733]",38,82
17-year-old girl,"[-0.04225771273642584, 0.5630925063714733]",39,83
17-year-old girl,"[-0.04225771273642584, 0.5630925063714733]",40,84
17-year-old girl,"[-0.04225771273642584, 0.5630925063714733]",41,85
17-year-old girl,"[-0.04225771273642585, 0.5630925063714733]",42,86
17-year-old girl,"[-0.04225771273642584, 0.6984302957695779]",43,87
17-year-old girl,"[-0.03407990882954981, 0.698430295769578]",44,88
17-year-old girl,"[-0.03407990882954981, 0.6984302957695782]",45,89
17-year-old girl,"[-0.03407990882954981, 0.698430295769578]",46,90
17-year-old girl,"[-0.03407990882954981, 0.698430295769578]",47,91
17-year-old girl,"[-0.03407990882954981, 0.698430295769578]",48,92
federal workers,"[0.9999999999999998, nan]",29,73
federal workers,"[0.9999999999999998, -0.02439024390243903]",30,74
federal workers,"[0.9999999999999998, -0.024390243902439036]",31,75
federal workers,"[0.9999999999999998, -0.02439024390243904]",32,76
federal workers,"[1.0, -0.02439024390243904]",33,77
federal workers,"[0.9999999999999997, -0.02439024390243904]",34,78
federal workers,"[0.9698162916512268, -0.029748732396333192]",35,79
federal workers,"[0.9698162916512267, -0.029748732396333192]",36,80
federal workers,"[0.9698162916512268, -0.029748732396333192]",37,81
federal workers,"[0.9698162916512267, -0.029748732396333192]",38,82
federal workers,"[0.9698162916512266, -0.029748732396333192]",39,83
federal workers,"[0.9698162916512266, -0.029748732396333192]",40,84
federal workers,"[0.9698162916512266, -0.029748732396333185]",41,85
federal workers,"[0.9698162916512266, -0.029748732396333185]",42,86
federal workers,"[0.9698162916512266, -0.029748732396333178]",43,87
federal workers,"[0.9698162916512266, -0.029748732396333178]",44,88
federal workers,"[0.9698162916512266, -0.02974873239633317]",45,89
federal workers,"[0.9698162916512266, -0.02974873239633317]",46,90
federal workers,"[0.9698162916512266, -0.02974873239633317]",47,91
federal workers,"[0.9698162916512266, -0.029748732396333178]",48,92
federal workers,"[0.9698162916512266, -0.029748732396333178]",49,93
federal workers,"[0.9698162916512266, -0.029748732396333178]",50,94
federal workers,"[0.9698162916512266, -0.029748732396333178]",51,95
federal workers,"[0.9698162916512266, -0.029748732396333178]",52,96
federal workers,"[0.9698162916512266, -0.029748732396333178]",53,97
federal workers,"[0.9698162916512266, -0.029748732396333178]",54,98
federal workers,"[0.9698162916512266, -0.029748732396333185]",55,99
federal workers,"[0.9698162916512267, -0.029748732396333185]",56,100
federal workers,"[0.9698162916512267, -0.029748732396333185]",57,101
federal workers,"[0.9698162916512267, -0.029748732396333185]",58,102
federal workers,"[0.9698162916512267, -0.02974873239633317]",59,103
federal workers,"[0.9698162916512267, -0.029748732396333178]",60,104
federal workers,"[0.9698162916512268, -0.02974873239633317]",61,105
federal workers,"[0.9698162916512267, -0.02974873239633317]",62,106
federal workers,"[0.9698162916512267, -0.02974873239633317]",63,107
federal workers,"[0.9698162916512267, -0.029748732396333178]",64,108
federal workers,"[0.9698162916512268, -0.02974873239633317]",65,109
federal workers,"[0.9698162916512267, -0.02974873239633317]",66,110
federal workers,"[0.9698162916512267, -0.02974873239633317]",67,111
federal workers,"[0.9698162916512267, -0.029748732396333178]",68,112
federal workers,"[0.9698162916512268, -0.02974873239633317]",69,113
federal workers,"[0.9698162916512267, -0.02974873239633317]",70,114
federal workers,"[0.9698162916512267, -0.02439024390243904]",71,115
american families,"[0.9999999999999998, nan]",29,73
american families,"[0.9999999999999998, -0.02439024390243903]",30,74
american families,"[0.9999999999999998, -0.024390243902439036]",31,75
american families,"[0.9999999999999998, -0.02439024390243904]",32,76
american families,"[1.0, -0.02439024390243904]",33,77
american families,"[0.9999999999999997, -0.02439024390243904]",34,78
american families,"[0.9999999999999997, -0.02439024390243904]",35,79
american families,"[0.9999999999999997, -0.02439024390243904]",36,80
american families,"[0.9999999999999999, -0.02439024390243904]",37,81
american families,"[0.9999999999999997, -0.02439024390243904]",38,82
american families,"[0.9999999999999997, -0.024390243902439043]",39,83
american families,"[0.9999999999999997, -0.024390243902439046]",40,84
american families,"[0.9999999999999997, -0.024390243902439046]",41,85
american families,"[0.9999999999999997, -0.024390243902439046]",42,86
american families,"[0.9999999999999997, -0.024390243902439046]",43,87
american families,"[0.9999999999999997, -0.024390243902439046]",44,88
american families,"[0.9999999999999997, -0.024390243902439046]",45,89
american families,"[0.9999999999999997, -0.024390243902439046]",46,90
american families,"[0.9999999999999997, -0.024390243902439043]",47,91
american families,"[0.9999999999999997, -0.02439024390243904]",48,92
american families,"[0.9999999999999997, -0.02439024390243904]",49,93
american families,"[0.9999999999999997, -0.02439024390243904]",50,94
american families,"[0.9999999999999997, -0.02439024390243904]",51,95
american families,"[0.9999999999999997, -0.02439024390243904]",52,96
american families,"[0.9999999999999997, -0.02439024390243904]",53,97
american families,"[0.9999999999999997, -0.02439024390243904]",54,98
american families,"[0.9999999999999997, -0.024390243902439046]",55,99
american families,"[0.9999999999999996, -0.024390243902439046]",56,100
american families,"[0.9999999999999996, -0.02439024390243904]",57,101
american families,"[0.9999999999999996, -0.02439024390243904]",58,102
american families,"[0.9999999999999996, -0.024390243902439046]",59,103
american families,"[0.9999999999999993, -0.024390243902439046]",60,104
american families,"[0.9999999999999996, -0.02439024390243904]",61,105
american families,"[0.9999999999999993, -0.02439024390243904]",62,106
american families,"[0.9999999999999993, -0.024390243902439046]",63,107
american families,"[0.9999999999999993, -0.024390243902439046]",64,108
american families,"[0.9999999999999996, -0.02439024390243904]",65,109
american families,"[0.9999999999999993, -0.02439024390243904]",66,110
american families,"[0.9999999999999993, -0.024390243902439046]",67,111
american families,"[0.9999999999999993, -0.024390243902439046]",68,112
american families,"[0.9999999999999996, -0.02439024390243904]",69,113
american families,"[0.9999999999999993, -0.02439024390243904]",70,114
american families,"[0.9999999999999993, nan]",71,115
john kasich,"[0.5634361698190109, nan]",5,49
immigrant families,"[0.6986381310057719, -0.024390243902439025]",17,61
immigrant families,"[0.563436169819011, -0.0349215147884789]",18,62
immigrant families,"[0.5634361698190109, -0.04331480818242099]",19,63
immigrant families,"[0.563436169819011, -0.043314808182421]",20,64
immigrant families,"[0.5634361698190111, -0.043314808182421005]",21,65
immigrant families,"[0.563436169819011, -0.043314808182421005]",22,66
immigrant families,"[0.563436169819011, -0.04331480818242101]",23,67
immigrant families,"[0.563436169819011, -0.04331480818242101]",24,68
immigrant families,"[0.563436169819011, -0.04331480818242102]",25,69
immigrant families,"[0.563436169819011, -0.04331480818242102]",26,70
immigrant families,"[0.5634361698190109, -0.04331480818242103]",27,71
immigrant families,"[0.563436169819011, -0.04331480818242103]",28,72
immigrant families,"[0.563436169819011, -0.04331480818242103]",29,73
immigrant families,"[0.563436169819011, -0.04331480818242103]",30,74
immigrant families,"[0.563436169819011, -0.04331480818242103]",31,75
immigrant families,"[0.6986381310057718, -0.034921514788478915]",32,76
immigrant families,"[0.6986381310057718, -0.034921514788478915]",33,77
immigrant families,"[0.6986381310057718, -0.034921514788478915]",34,78
immigrant families,"[0.6986381310057718, -0.034921514788478915]",35,79
immigrant families,"[0.6986381310057717, -0.034921514788478915]",36,80
immigrant families,"[0.6986381310057717, -0.034921514788478915]",37,81
immigrant families,"[0.6986381310057717, -0.034921514788478915]",38,82
immigrant families,"[0.6986381310057717, -0.034921514788478915]",39,83
immigrant families,"[0.6986381310057717, -0.034921514788478915]",40,84
immigrant families,"[0.5634361698190109, -0.034921514788478915]",41,85
immigrant families,"[0.5634361698190109, -0.043314808182421026]",42,86
immigrant families,"[0.5634361698190109, -0.04331480818242101]",43,87
immigrant families,"[0.5634361698190109, -0.04331480818242102]",44,88
immigrant families,"[0.5634361698190109, -0.04331480818242103]",45,89
immigrant families,"[0.5634361698190109, -0.04331480818242102]",46,90
immigrant families,"[0.5634361698190109, -0.043314808182421026]",47,91
immigrant families,"[0.5634361698190108, -0.04331480818242103]",48,92
immigrant families,"[0.5634361698190109, -0.04331480818242103]",49,93
immigrant families,"[0.5634361698190108, -0.04331480818242103]",50,94
immigrant families,"[0.5634361698190108, -0.04331480818242102]",51,95
immigrant families,"[0.5634361698190108, -0.04331480818242102]",52,96
immigrant families,"[0.5634361698190109, -0.04331480818242102]",53,97
immigrant families,"[0.5634361698190108, -0.04331480818242102]",54,98
immigrant families,"[0.5634361698190108, -0.04331480818242103]",55,99
immigrant families,"[0.5634361698190108, -0.04331480818242102]",56,100
immigrant families,"[0.5634361698190109, -0.04331480818242102]",57,101
immigrant families,"[0.5634361698190108, -0.04331480818242102]",58,102
immigrant families,"[0.5634361698190108, nan]",59,103
residents,"[-0.03407990882954986, 0.698430295769578]",83,127
residents,"[-0.03407990882954985, 0.698430295769578]",84,128
residents,"[-0.03407990882954985, 0.6984302957695782]",85,129
residents,"[-0.034079908829549845, 0.6984302957695782]",86,130
residents,"[-0.03407990882954984, 0.698430295769578]",87,131
residents,"[-0.03407990882954983, 0.698430295769578]",88,132
residents,"[-0.03407990882954983, 0.698430295769578]",89,133
residents,"[-0.034079908829549824, 0.698430295769578]",90,134
residents,"[-0.03407990882954983, 0.698430295769578]",91,135
residents,"[-0.03407990882954982, 0.698430295769578]",92,136
residents,"[-0.03407990882954982, 0.6984302957695779]",93,137
residents,"[-0.03407990882954981, 0.6984302957695779]",94,138
residents,"[-0.03407990882954981, 0.6984302957695779]",95,139
residents,"[-0.03407990882954981, 0.6984302957695779]",96,140
residents,"[-0.03407990882954981, 0.6984302957695779]",97,141
residents,"[-0.03407990882954981, 0.6984302957695779]",98,142
residents,"[-0.03407990882954981, 0.6984302957695779]",99,143
residents,"[-0.03407990882954982, 0.6984302957695779]",100,144
residents,"[-0.03407990882954981, 0.6984302957695779]",101,145
residents,"[-0.03407990882954981, 0.6984302957695779]",102,146
residents,"[-0.03407990882954982, 0.6984302957695779]",103,147
residents,"[-0.03407990882954982, 0.6984302957695779]",104,148
residents,"[-0.03407990882954981, 0.6984302957695779]",105,149
residents,"[-0.03407990882954981, 0.6984302957695778]",106,150
residents,"[-0.03407990882954982, 0.6984302957695778]",107,151
residents,"[-0.03407990882954982, 0.6984302957695779]",108,152
residents,"[-0.03407990882954981, 0.6984302957695779]",109,153
residents,"[-0.03407990882954982, 0.6984302957695777]",110,154
residents,"[-0.034079908829549824, 0.6984302957695777]",111,155
residents,"[-0.023809523809523822, 1.0]",112,156
residents,"[-0.023809523809523822, 1.0]",113,157
residents,"[-0.023809523809523822, 1.0]",114,158
residents,"[-0.023809523809523822, 1.0]",115,159
residents,"[-0.023809523809523822, 1.0]",116,160
residents,"[-0.023809523809523822, 1.0]",117,161
residents,"[-0.023809523809523822, 1.0]",118,162
residents,"[-0.023809523809523822, 1.0]",119,163
residents,"[-0.023809523809523822, 1.0]",120,164
residents,"[-0.023809523809523822, 1.0]",121,165
residents,"[-0.023809523809523822, 1.0]",122,166
residents,"[-0.023809523809523822, 1.0]",123,167
residents,"[-0.023809523809523822, 1.0]",124,168
alexei navalny,"[-0.023809523809523815, 0.9999999999999999]",70,114
alexei navalny,"[-0.023809523809523815, 0.9999999999999999]",71,115
alexei navalny,"[-0.023809523809523815, 1.0]",72,116
alexei navalny,"[-0.02380952380952382, 1.0]",73,117
alexei navalny,"[-0.02380952380952382, 1.0]",74,118
alexei navalny,"[-0.023809523809523815, 1.0]",75,119
alexei navalny,"[-0.023809523809523815, 1.0]",76,120
alexei navalny,"[-0.02380952380952382, 1.0]",77,121
alexei navalny,"[-0.02380952380952382, 1.0]",78,122
alexei navalny,"[-0.023809523809523815, 1.0]",79,123
alexei navalny,"[-0.02380952380952382, 1.0]",80,124
alexei navalny,"[-0.023809523809523822, 1.0]",81,125
alexei navalny,"[-0.023809523809523822, 1.0]",82,126
alexei navalny,"[-0.023809523809523822, 1.0]",83,127
alexei navalny,"[-0.03407990882954985, 1.0]",84,128
alexei navalny,"[-0.034079908829549845, 0.6984302957695779]",85,129
alexei navalny,"[-0.034079908829549845, 0.6984302957695779]",86,130
alexei navalny,"[-0.03407990882954984, 0.6984302957695779]",87,131
alexei navalny,"[-0.03407990882954984, 0.6984302957695779]",88,132
alexei navalny,"[-0.04225771273642581, 0.6984302957695779]",89,133
alexei navalny,"[-0.042257712736425826, 0.5630925063714731]",90,134
alexei navalny,"[-0.042257712736425826, 0.5630925063714731]",91,135
alexei navalny,"[-0.04225771273642584, 0.5630925063714731]",92,136
alexei navalny,"[-0.04225771273642584, 0.5630925063714731]",93,137
alexei navalny,"[-0.04225771273642585, 0.5630925063714731]",94,138
alexei navalny,"[-0.04225771273642585, 0.5630925063714732]",95,139
alexei navalny,"[-0.04225771273642585, 0.5630925063714732]",96,140
alexei navalny,"[-0.04225771273642583, 0.5630925063714732]",97,141
alexei navalny,"[-0.04225771273642585, 0.5630925063714732]",98,142
alexei navalny,"[-0.04225771273642585, 0.5630925063714732]",99,143
alexei navalny,"[-0.04225771273642585, 0.5630925063714732]",100,144
alexei navalny,"[-0.04225771273642585, 0.5630925063714732]",101,145
alexei navalny,"[-0.04225771273642585, 0.5630925063714732]",102,146
alexei navalny,"[-0.04225771273642585, 0.5630925063714733]",103,147
alexei navalny,"[-0.04225771273642585, 0.5630925063714732]",104,148
alexei navalny,"[-0.04225771273642585, 0.5630925063714732]",105,149
alexei navalny,"[-0.04225771273642585, 0.5630925063714733]",106,150
alexei navalny,"[-0.04225771273642585, 0.5630925063714733]",107,151
alexei navalny,"[-0.04225771273642584, 0.5630925063714732]",108,152
alexei navalny,"[-0.04225771273642584, 0.5630925063714732]",109,153
alexei navalny,"[-0.04225771273642585, 0.5630925063714733]",110,154
alexei navalny,"[-0.04225771273642584, 0.5630925063714733]",111,155
